---------------- Correlation Report - Account: Uxxxxx30 ----------------

As at: 2022-05-17 15:56:02 (Chicago)


Correlation of Returns - 128 Days

           E7     J7     ZF     ZN    M2K    MES    MNQ    MYM     YC     YK     YW    MGC    MHG    SIL    MCL     QG
E7      1.000  0.229 -0.020 -0.019  0.210  0.236  0.187  0.274 -0.326  0.004 -0.332  0.043  0.111  0.034 -0.186 -0.037
J7      0.229  1.000  0.571  0.605 -0.223 -0.237 -0.226 -0.237  0.139  0.093  0.049  0.209 -0.040  0.099 -0.088  0.117
ZF     -0.020  0.571  1.000  0.966 -0.138 -0.133 -0.084 -0.160  0.281  0.066  0.118  0.306  0.025  0.179 -0.058  0.044
ZN     -0.019  0.605  0.966  1.000 -0.165 -0.151 -0.099 -0.183  0.248  0.042  0.092  0.299  0.033  0.174 -0.077  0.027
M2K     0.210 -0.223 -0.138 -0.165  1.000  0.897  0.880  0.848 -0.187 -0.035 -0.122 -0.237  0.145 -0.116  0.070  0.028
MES     0.236 -0.237 -0.133 -0.151  0.897  1.000  0.957  0.950 -0.185  0.025 -0.148 -0.264  0.222 -0.127  0.067  0.105
MNQ     0.187 -0.226 -0.084 -0.099  0.880  0.957  1.000  0.839 -0.193 -0.020 -0.168 -0.248  0.162 -0.128 -0.005  0.099
MYM     0.274 -0.237 -0.160 -0.183  0.848  0.950  0.839  1.000 -0.199  0.024 -0.158 -0.292  0.230 -0.148  0.101  0.055
YC     -0.326  0.139  0.281  0.248 -0.187 -0.185 -0.193 -0.199  1.000  0.639  0.627  0.460  0.181  0.472  0.378  0.195
YK      0.004  0.093  0.066  0.042 -0.035  0.025 -0.020  0.024  0.639  1.000  0.333  0.367  0.357  0.427  0.407  0.200
YW     -0.332  0.049  0.118  0.092 -0.122 -0.148 -0.168 -0.158  0.627  0.333  1.000  0.301  0.086  0.318  0.414  0.120
MGC     0.043  0.209  0.306  0.299 -0.237 -0.264 -0.248 -0.292  0.460  0.367  0.301  1.000  0.348  0.818  0.352  0.100
MHG     0.111 -0.040  0.025  0.033  0.145  0.222  0.162  0.230  0.181  0.357  0.086  0.348  1.000  0.499  0.443  0.116
SIL     0.034  0.099  0.179  0.174 -0.116 -0.127 -0.128 -0.148  0.472  0.427  0.318  0.818  0.499  1.000  0.396  0.105
MCL    -0.186 -0.088 -0.058 -0.077  0.070  0.067 -0.005  0.101  0.378  0.407  0.414  0.352  0.443  0.396  1.000  0.138
QG     -0.037  0.117  0.044  0.027  0.028  0.105  0.099  0.055  0.195  0.200  0.120  0.100  0.116  0.105  0.138  1.000
SumABS  3.250  4.161  4.149  4.179  5.299  5.704  5.295  5.698  5.711  4.038  4.387  5.644  3.997  5.040  4.179  2.486
---------------- End Correlation Report - Returns ----------------
