---------------- Correlation Report - Account: Uxxxxx30 ----------------
As at: 2022-07-11 15:56:02 (Chicago)
Correlation of Returns - 128 Days
---------------------------------
           E7     J7     ZF     ZN    M2K    MES    MNQ    MYM     YC     YK     YW    MGC    MHG    SIL    MCL     QG
E7      1.000  0.247 -0.034 -0.045  0.296  0.307  0.237  0.358 -0.141  0.157 -0.158  0.145  0.286  0.147  0.014 -0.044
J7      0.247  1.000  0.481  0.497 -0.114 -0.147 -0.181 -0.117  0.103  0.047  0.118  0.224  0.044  0.132  0.114  0.059
ZF     -0.034  0.481  1.000  0.974  0.024 -0.002  0.013 -0.002  0.059 -0.044  0.019  0.220 -0.073  0.078 -0.065 -0.046
ZN     -0.045  0.497  0.974  1.000  0.012 -0.012  0.005 -0.015  0.054 -0.055 -0.004  0.204 -0.070  0.066 -0.072 -0.052
M2K     0.296 -0.114  0.024  0.012  1.000  0.917  0.910  0.877 -0.140 -0.035 -0.151 -0.151  0.157 -0.066 -0.038  0.075
MES     0.307 -0.147 -0.002 -0.012  0.917  1.000  0.966  0.970 -0.125  0.009 -0.154 -0.186  0.230 -0.059 -0.015  0.117
MNQ     0.237 -0.181  0.013  0.005  0.910  0.966  1.000  0.892 -0.124 -0.024 -0.153 -0.186  0.191 -0.058 -0.082  0.074
MYM     0.358 -0.117 -0.002 -0.015  0.877  0.970  0.892  1.000 -0.144  0.013 -0.181 -0.213  0.227 -0.087  0.006  0.114
YC     -0.141  0.103  0.059  0.054 -0.140 -0.125 -0.124 -0.144  1.000  0.598  0.715  0.454  0.276  0.463  0.439  0.296
YK      0.157  0.047 -0.044 -0.055 -0.035  0.009 -0.024  0.013  0.598  1.000  0.450  0.416  0.532  0.486  0.480  0.260
YW     -0.158  0.118  0.019 -0.004 -0.151 -0.154 -0.153 -0.181  0.715  0.450  1.000  0.378  0.173  0.383  0.417  0.219
MGC     0.145  0.224  0.220  0.204 -0.151 -0.186 -0.186 -0.213  0.454  0.416  0.378  1.000  0.425  0.804  0.453  0.147
MHG     0.286  0.044 -0.073 -0.070  0.157  0.230  0.191  0.227  0.276  0.532  0.173  0.425  1.000  0.541  0.471  0.255
SIL     0.147  0.132  0.078  0.066 -0.066 -0.059 -0.058 -0.087  0.463  0.486  0.383  0.804  0.541  1.000  0.453  0.189
MCL     0.014  0.114 -0.065 -0.072 -0.038 -0.015 -0.082  0.006  0.439  0.480  0.417  0.453  0.471  0.453  1.000  0.279
QG     -0.044  0.059 -0.046 -0.052  0.075  0.117  0.074  0.114  0.296  0.260  0.219  0.147  0.255  0.189  0.279  1.000
SumABS  3.614  3.628  3.134  3.139  4.963  5.216  5.096  5.217  5.131  4.607  4.673  5.607  4.952  5.013  4.398  3.227
---------------- End Correlation Report - Returns ----------------


---------------- Covariance Report - Account: Uxxxxx30 ----------------
As at: 2022-07-11 15:56:02 (Chicago)
Covariance of Returns - 128 Days
---------------------------------
           E7     J7     ZF     ZN     M2K     MES     MNQ    MYM      YC      YK      YW    MGC     MHG     SIL     MCL      QG
E7      0.367  0.091 -0.008 -0.014   0.337   0.300   0.319  0.280  -0.154   0.137  -0.300  0.088   0.307   0.159   0.024  -0.131
J7      0.091  0.369  0.108  0.157  -0.130  -0.143  -0.245 -0.092   0.114   0.042   0.225  0.136   0.048   0.143   0.206   0.176
ZF     -0.008  0.108  0.134  0.182   0.016  -0.001   0.011 -0.001   0.039  -0.023   0.021  0.079  -0.047   0.050  -0.070  -0.081
ZN     -0.014  0.157  0.182  0.262   0.011  -0.009   0.006 -0.010   0.050  -0.040  -0.007  0.103  -0.062   0.060  -0.108  -0.128
M2K     0.337 -0.130  0.016  0.011   3.421   2.689   3.684  2.061  -0.460  -0.092  -0.865 -0.275   0.508  -0.215  -0.205   0.668
MES     0.300 -0.143 -0.001 -0.009   2.689   2.513   3.352  1.953  -0.355   0.020  -0.756 -0.291   0.636  -0.163  -0.071   0.895
MNQ     0.319 -0.245  0.011  0.006   3.684   3.352   4.795  2.480  -0.485  -0.076  -1.035 -0.401   0.731  -0.222  -0.522   0.786
MYM     0.280 -0.092 -0.001 -0.010   2.061   1.953   2.480  1.613  -0.326   0.024  -0.710 -0.267   0.504  -0.194   0.023   0.698
YC     -0.154  0.114  0.039  0.050  -0.460  -0.355  -0.485 -0.326   3.182   1.515   3.941  0.798   0.858   1.448   2.287   2.552
YK      0.137  0.042 -0.023 -0.040  -0.092   0.020  -0.076  0.024   1.515   2.017   1.973  0.582   1.320   1.210   1.992   1.785
YW     -0.300  0.225  0.021 -0.007  -0.865  -0.756  -1.035 -0.710   3.941   1.973   9.541  1.150   0.933   2.073   3.761   3.262
MGC     0.088  0.136  0.079  0.103  -0.275  -0.291  -0.401 -0.267   0.798   0.582   1.150  0.972   0.732   1.390   1.306   0.702
MHG     0.307  0.048 -0.047 -0.062   0.508   0.636   0.731  0.504   0.858   1.320   0.933  0.732   3.046   1.653   2.403   2.154
SIL     0.159  0.143  0.050  0.060  -0.215  -0.163  -0.222 -0.194   1.448   1.210   2.073  1.390   1.653   3.071   2.321   1.605
MCL     0.024  0.206 -0.070 -0.108  -0.205  -0.071  -0.522  0.023   2.287   1.992   3.761  1.306   2.403   2.321   8.545   3.946
QG     -0.131  0.176 -0.081 -0.128   0.668   0.895   0.786  0.698   2.552   1.785   3.262  0.702   2.154   1.605   3.946  23.349
Sum     1.803  1.206  0.410  0.453  11.153  10.568  13.179  8.037  15.001  12.386  23.209  6.805  15.724  14.387  25.838  42.237
Weight  0.065  0.065  0.095  0.095   0.060   0.060   0.060  0.060   0.050   0.050   0.050  0.050   0.050   0.050   0.070   0.070
Vol     0.117  0.078  0.039  0.043   0.669   0.634   0.791  0.482   0.750   0.619   1.160  0.340   0.786   0.719   1.809   2.957

Theoretical portfolio volatility (when fully weighted): 11.99
---------------- End Covariance Report - Returns ----------------
