---------------- Correlation Report - Account: Uxxxxx30 ----------------

As at: 2022-05-25 15:56:02 (Chicago)


Correlation of Returns - 128 Days

           E7     J7     ZF     ZN    M2K    MES    MNQ    MYM     YC     YK     YW    MGC    MHG    SIL    MCL     QG
E7      1.000  0.214 -0.125 -0.091  0.221  0.255  0.203  0.296 -0.292  0.016 -0.307  0.068  0.172  0.072 -0.173 -0.003
J7      0.214  1.000  0.536  0.566 -0.252 -0.277 -0.277 -0.263  0.092  0.079  0.007  0.192 -0.051  0.090 -0.085  0.107
ZF     -0.125  0.536  1.000  0.951 -0.047 -0.099 -0.065 -0.104  0.266  0.121  0.108  0.242  0.060  0.149  0.051  0.000
ZN     -0.091  0.566  0.951  1.000 -0.067 -0.102 -0.071 -0.112  0.227  0.080  0.080  0.251  0.093  0.166  0.049 -0.027
M2K     0.221 -0.252 -0.047 -0.067  1.000  0.900  0.891  0.845 -0.146 -0.027 -0.089 -0.239  0.167 -0.105  0.082  0.039
MES     0.255 -0.277 -0.099 -0.102  0.900  1.000  0.960  0.954 -0.129  0.029 -0.099 -0.259  0.240 -0.109  0.080  0.122
MNQ     0.203 -0.277 -0.065 -0.071  0.891  0.960  1.000  0.850 -0.133 -0.011 -0.119 -0.257  0.181 -0.121  0.018  0.112
MYM     0.296 -0.263 -0.104 -0.112  0.845  0.954  0.850  1.000 -0.147  0.026 -0.109 -0.274  0.248 -0.119  0.103  0.078
YC     -0.292  0.092  0.266  0.227 -0.146 -0.129 -0.133 -0.147  1.000  0.621  0.635  0.462  0.203  0.472  0.384  0.202
YK      0.016  0.079  0.121  0.080 -0.027  0.029 -0.011  0.026  0.621  1.000  0.311  0.381  0.385  0.431  0.429  0.183
YW     -0.307  0.007  0.108  0.080 -0.089 -0.099 -0.119 -0.109  0.635  0.311  1.000  0.301  0.093  0.320  0.414  0.136
MGC     0.068  0.192  0.242  0.251 -0.239 -0.259 -0.257 -0.274  0.462  0.381  0.301  1.000  0.396  0.818  0.385  0.101
MHG     0.172 -0.051  0.060  0.093  0.167  0.240  0.181  0.248  0.203  0.385  0.093  0.396  1.000  0.535  0.456  0.118
SIL     0.072  0.090  0.149  0.166 -0.105 -0.109 -0.121 -0.119  0.472  0.431  0.320  0.818  0.535  1.000  0.426  0.118
MCL    -0.173 -0.085  0.051  0.049  0.082  0.080  0.018  0.103  0.384  0.429  0.414  0.385  0.456  0.426  1.000  0.129
QG     -0.003  0.107  0.000 -0.027  0.039  0.122  0.112  0.078  0.202  0.183  0.136  0.101  0.118  0.118  0.129  1.000
SumABS  3.509  4.089  3.925  3.936  5.117  5.614  5.270  5.529  5.413  4.132  4.129  5.627  4.399  5.051  4.266  2.478
---------------- End Correlation Report - Returns ----------------
