---------------- Correlation Report - Account: Uxxxxx30 ----------------
As at: 2022-07-26 15:56:02 (Chicago)
Correlation of Returns - 128 Days
---------------------------------
           E7     J7     ZF     ZN    M2K    MES    MNQ    MYM     YC     YK     YW    MGC    MHG    SIL    MCL     QG
E7      1.000  0.223 -0.049 -0.061  0.316  0.327  0.256  0.377 -0.127  0.139 -0.161  0.141  0.267  0.150  0.051 -0.033
J7      0.223  1.000  0.499  0.509 -0.103 -0.135 -0.176 -0.100  0.010  0.028  0.086  0.232  0.052  0.152  0.086  0.071
ZF     -0.049  0.499  1.000  0.975 -0.012 -0.010  0.005 -0.016 -0.025 -0.060 -0.015  0.240 -0.056  0.117 -0.083 -0.039
ZN     -0.061  0.509  0.975  1.000 -0.014 -0.017 -0.000 -0.023 -0.027 -0.073 -0.041  0.220 -0.059  0.102 -0.093 -0.037
M2K     0.316 -0.103 -0.012 -0.014  1.000  0.923  0.916  0.882 -0.119 -0.048 -0.139 -0.159  0.184 -0.001 -0.007  0.070
MES     0.327 -0.135 -0.010 -0.017  0.923  1.000  0.964  0.972 -0.115 -0.022 -0.149 -0.184  0.218 -0.031  0.002  0.097
MNQ     0.256 -0.176  0.005 -0.000  0.916  0.964  1.000  0.893 -0.115 -0.064 -0.148 -0.190  0.178 -0.038 -0.067  0.058
MYM     0.377 -0.100 -0.016 -0.023  0.882  0.972  0.893  1.000 -0.128 -0.011 -0.177 -0.209  0.215 -0.050  0.027  0.096
YC     -0.127  0.010 -0.025 -0.027 -0.119 -0.115 -0.115 -0.128  1.000  0.657  0.680  0.335  0.304  0.376  0.430  0.307
YK      0.139  0.028 -0.060 -0.073 -0.048 -0.022 -0.064 -0.011  0.657  1.000  0.480  0.378  0.546  0.448  0.513  0.289
YW     -0.161  0.086 -0.015 -0.041 -0.139 -0.149 -0.148 -0.177  0.680  0.480  1.000  0.324  0.223  0.376  0.443  0.233
MGC     0.141  0.232  0.240  0.220 -0.159 -0.184 -0.190 -0.209  0.335  0.378  0.324  1.000  0.427  0.807  0.433  0.154
MHG     0.267  0.052 -0.056 -0.059  0.184  0.218  0.178  0.215  0.304  0.546  0.223  0.427  1.000  0.533  0.501  0.335
SIL     0.150  0.152  0.117  0.102 -0.001 -0.031 -0.038 -0.050  0.376  0.448  0.376  0.807  0.533  1.000  0.436  0.244
MCL     0.051  0.086 -0.083 -0.093 -0.007  0.002 -0.067  0.027  0.430  0.513  0.443  0.433  0.501  0.436  1.000  0.298
QG     -0.033  0.071 -0.039 -0.037  0.070  0.097  0.058  0.096  0.307  0.289  0.233  0.154  0.335  0.244  0.298  1.000
SumABS  3.678  3.460  3.201  3.251  4.893  5.166  5.070  5.176  4.754  4.755  4.676  5.433  5.098  4.863  4.469  3.361
---------------- End Correlation Report - Returns ----------------


---------------- Covariance Report - Account: Uxxxxx30 ----------------
As at: 2022-07-26 15:56:02 (Chicago)
Covariance of Returns (Position Weighted) - 128 Days
----------------------------------------------------
        E7     J7   ZF   ZN    M2K    MES  MNQ  MYM      YC     YK      YW    MGC     MHG    SIL    MCL   QG
E7   0.376  0.084  0.0  0.0  0.351  0.314  0.0  0.0  -0.448  0.129  -0.307  0.248   0.568  0.159  0.094  0.0
J7   0.084  0.378  0.0  0.0 -0.114 -0.130  0.0  0.0   0.034  0.026   0.166  0.409   0.112  0.162  0.158  0.0
ZF   0.000  0.000  0.0  0.0  0.000  0.000  0.0  0.0   0.000  0.000   0.000  0.000   0.000  0.000  0.000  0.0
ZN   0.000  0.000  0.0  0.0  0.000  0.000  0.0  0.0   0.000  0.000   0.000  0.000   0.000  0.000  0.000  0.0
M2K  0.351 -0.114  0.0  0.0  3.282  2.620  0.0  0.0  -1.243 -0.131  -0.786 -0.824   1.161 -0.003 -0.040  0.0
MES  0.314 -0.130  0.0  0.0  2.620  2.455  0.0  0.0  -1.033 -0.052  -0.729 -0.826   1.187 -0.084  0.011  0.0
MNQ  0.000  0.000  0.0  0.0  0.000  0.000  0.0  0.0   0.000  0.000   0.000  0.000   0.000  0.000  0.000  0.0
MYM  0.000  0.000  0.0  0.0  0.000  0.000  0.0  0.0   0.000  0.000   0.000  0.000   0.000  0.000  0.000  0.0
YC  -0.448  0.034  0.0  0.0 -1.243 -1.033  0.0  0.0  33.063  5.710  12.219  5.526   6.075  3.727  7.428  0.0
YK   0.129  0.026  0.0  0.0 -0.131 -0.052  0.0  0.0   5.710  2.284   2.266  1.636   2.866  1.169  2.331  0.0
YW  -0.307  0.166  0.0  0.0 -0.786 -0.729  0.0  0.0  12.219  2.266   9.760  2.905   2.425  2.028  4.158  0.0
MGC  0.248  0.409  0.0  0.0 -0.824 -0.826  0.0  0.0   5.526  1.636   2.905  8.222   4.256  3.996  3.732  0.0
MHG  0.568  0.112  0.0  0.0  1.161  1.187  0.0  0.0   6.075  2.866   2.425  4.256  12.088  3.199  5.235  0.0
SIL  0.159  0.162  0.0  0.0 -0.003 -0.084  0.0  0.0   3.727  1.169   2.028  3.996   3.199  2.979  2.263  0.0
MCL  0.094  0.158  0.0  0.0 -0.040  0.011  0.0  0.0   7.428  2.331   4.158  3.732   5.235  2.263  9.044  0.0
QG   0.000  0.000  0.0  0.0  0.000  0.000  0.0  0.0   0.000  0.000   0.000  0.000   0.000  0.000  0.000  0.0

Sum of Covariance Matrix: 256.71
Portfolio volatility: 16.02
(Square root of sum of Covariance matrix)
---------------- End Covariance Report - Returns ----------------
