---------------- Correlation Report - Account: Uxxxxx30 ----------------
As at: 2022-06-29 15:56:02 (Chicago)
Correlation of Returns - 128 Days
---------------------------------
           E7     J7     ZF     ZN    M2K    MES    MNQ    MYM     YC     YK     YW    MGC    MHG    SIL    MCL     QG
E7      1.000  0.234 -0.010  0.007  0.290  0.316  0.246  0.368 -0.201  0.093 -0.236  0.117  0.262  0.140 -0.055 -0.001
J7      0.234  1.000  0.484  0.508 -0.131 -0.157 -0.187 -0.130  0.139  0.067  0.127  0.212  0.039  0.137  0.115  0.124
ZF     -0.010  0.484  1.000  0.960  0.045  0.022  0.042  0.021  0.201  0.097  0.132  0.262  0.032  0.155 -0.007  0.009
ZN      0.007  0.508  0.960  1.000  0.021  0.004  0.024 -0.003  0.192  0.069  0.113  0.274  0.045  0.163 -0.017  0.001
M2K     0.290 -0.131  0.045  0.021  1.000  0.917  0.910  0.875 -0.149 -0.029 -0.180 -0.173  0.150 -0.074 -0.046  0.046
MES     0.316 -0.157  0.022  0.004  0.917  1.000  0.966  0.969 -0.145  0.015 -0.176 -0.190  0.236 -0.057 -0.028  0.091
MNQ     0.246 -0.187  0.042  0.024  0.910  0.966  1.000  0.890 -0.142 -0.018 -0.178 -0.188  0.195 -0.062 -0.077  0.056
MYM     0.368 -0.130  0.021 -0.003  0.875  0.969  0.890  1.000 -0.170  0.017 -0.202 -0.215  0.231 -0.081 -0.019  0.078
YC     -0.201  0.139  0.201  0.192 -0.149 -0.145 -0.142 -0.170  1.000  0.549  0.691  0.441  0.221  0.430  0.381  0.231
YK      0.093  0.067  0.097  0.069 -0.029  0.015 -0.018  0.017  0.549  1.000  0.374  0.382  0.455  0.429  0.436  0.228
YW     -0.236  0.127  0.132  0.113 -0.180 -0.176 -0.178 -0.202  0.691  0.374  1.000  0.360  0.090  0.352  0.381  0.203
MGC     0.117  0.212  0.262  0.274 -0.173 -0.190 -0.188 -0.215  0.441  0.382  0.360  1.000  0.420  0.830  0.402  0.137
MHG     0.262  0.039  0.032  0.045  0.150  0.236  0.195  0.231  0.221  0.455  0.090  0.420  1.000  0.536  0.405  0.195
SIL     0.140  0.137  0.155  0.163 -0.074 -0.057 -0.062 -0.081  0.430  0.429  0.352  0.830  0.536  1.000  0.424  0.190
MCL    -0.055  0.115 -0.007 -0.017 -0.046 -0.028 -0.077 -0.019  0.381  0.436  0.381  0.402  0.405  0.424  1.000  0.205
QG     -0.001  0.124  0.009  0.001  0.046  0.091  0.056  0.078  0.231  0.228  0.203  0.137  0.195  0.190  0.205  1.000
SumABS  3.575  3.791  3.477  3.402  5.035  5.288  5.180  5.266  5.283  4.259  4.795  5.602  4.511  5.060  3.998  2.796
---------------- End Correlation Report - Returns ----------------


---------------- Covariance Report - Account: Uxxxxx30 ----------------
As at: 2022-06-29 15:56:02 (Chicago)
Covariance of Returns - 128 Days
---------------------------------
           E7     J7     ZF     ZN     M2K     MES     MNQ    MYM      YC     YK      YW    MGC     MHG     SIL     MCL      QG
E7      0.343  0.083 -0.002  0.002   0.316   0.295   0.318  0.275  -0.192  0.067  -0.404  0.068   0.249   0.146  -0.095  -0.001
J7      0.083  0.365  0.103  0.152  -0.147  -0.151  -0.248 -0.100   0.137  0.050   0.225  0.128   0.038   0.147   0.203   0.327
ZF     -0.002  0.103  0.121  0.164   0.029   0.012   0.032  0.009   0.113  0.041   0.133  0.090   0.018   0.095  -0.007   0.013
ZN      0.002  0.152  0.164  0.240   0.019   0.003   0.026 -0.002   0.152  0.041   0.161  0.133   0.036   0.141  -0.024   0.001
M2K     0.316 -0.147  0.029  0.019   3.396   2.663   3.652  2.035  -0.445 -0.064  -0.959 -0.314   0.442  -0.240  -0.243   0.370
MES     0.295 -0.151  0.012  0.003   2.663   2.482   3.314  1.927  -0.369  0.029  -0.801 -0.295   0.594  -0.159  -0.126   0.623
MNQ     0.318 -0.248  0.032  0.026   3.652   3.314   4.742  2.446  -0.499 -0.048  -1.122 -0.404   0.679  -0.237  -0.483   0.528
MYM     0.275 -0.100  0.009 -0.002   2.035   1.927   2.446  1.594  -0.346  0.026  -0.738 -0.269   0.466  -0.180  -0.070   0.423
YC     -0.192  0.137  0.113  0.152  -0.445  -0.369  -0.499 -0.346   2.615  1.083   3.233  0.706   0.571   1.225   1.779   1.617
YK      0.067  0.050  0.041  0.041  -0.064   0.029  -0.048  0.026   1.083  1.486   1.320  0.460   0.888   0.921   1.536   1.204
YW     -0.404  0.225  0.133  0.161  -0.959  -0.801  -1.122 -0.738   3.233  1.320   8.371  1.031   0.417   1.792   3.180   2.540
MGC     0.068  0.128  0.090  0.133  -0.314  -0.295  -0.404 -0.269   0.706  0.460   1.031  0.978   0.664   1.446   1.148   0.588
MHG     0.249  0.038  0.018  0.036   0.442   0.594   0.679  0.466   0.571  0.888   0.417  0.664   2.563   1.513   1.870   1.350
SIL     0.146  0.147  0.095  0.141  -0.240  -0.159  -0.237 -0.180   1.225  0.921   1.792  1.446   1.513   3.105   2.156   1.451
MCL    -0.095  0.203 -0.007 -0.024  -0.243  -0.126  -0.483 -0.070   1.779  1.536   3.180  1.148   1.870   2.156   8.327   2.554
QG     -0.001  0.327  0.013  0.001   0.370   0.623   0.528  0.423   1.617  1.204   2.540  0.588   1.350   1.451   2.554  18.691
Sum     1.467  1.312  0.966  1.246  10.510  10.042  12.695  7.498  11.379  9.041  18.378  6.158  12.358  13.322  21.705  32.277
Weight  0.065  0.065  0.095  0.095   0.060   0.060   0.060  0.060   0.050  0.050   0.050  0.050   0.050   0.050   0.070   0.070
Vol     0.095  0.085  0.092  0.118   0.631   0.603   0.762  0.450   0.569  0.452   0.919  0.308   0.618   0.666   1.519   2.259

Theoretical portfolio volatility (when fully weighted): 10.15
---------------- End Covariance Report - Returns ----------------
