---------------- Correlation Report - Account: Uxxxxx30 ----------------
As at: 2022-07-18 15:01:02 (Chicago)
Correlation of Returns - 128 Days
---------------------------------
           E7     J7     ZF     ZN    M2K    MES    MNQ    MYM     YC     YK     YW    MGC    MHG    SIL    MCL     QG
E7      1.000  0.236 -0.041 -0.050  0.300  0.304  0.235  0.354 -0.106  0.163 -0.142  0.142  0.276  0.158  0.034 -0.017
J7      0.236  1.000  0.487  0.499 -0.104 -0.148 -0.187 -0.113  0.044  0.036  0.130  0.231  0.035  0.153  0.105  0.054
ZF     -0.041  0.487  1.000  0.973  0.011 -0.010  0.006 -0.013  0.006 -0.064  0.023  0.221 -0.088  0.101 -0.064 -0.049
ZN     -0.050  0.499  0.973  1.000  0.006 -0.017  0.001 -0.023  0.004 -0.076 -0.002  0.209 -0.083  0.095 -0.073 -0.049
M2K     0.300 -0.104  0.011  0.006  1.000  0.918  0.911  0.877 -0.107 -0.037 -0.149 -0.146  0.168 -0.022 -0.026  0.086
MES     0.304 -0.148 -0.010 -0.017  0.918  1.000  0.965  0.971 -0.092  0.005 -0.154 -0.189  0.225 -0.034 -0.004  0.114
MNQ     0.235 -0.187  0.006  0.001  0.911  0.965  1.000  0.891 -0.089 -0.028 -0.155 -0.193  0.186 -0.042 -0.074  0.071
MYM     0.354 -0.113 -0.013 -0.023  0.877  0.971  0.891  1.000 -0.111  0.007 -0.180 -0.211  0.221 -0.052  0.020  0.116
YC     -0.106  0.044  0.006  0.004 -0.107 -0.092 -0.089 -0.111  1.000  0.634  0.680  0.377  0.299  0.385  0.431  0.311
YK      0.163  0.036 -0.064 -0.076 -0.037  0.005 -0.028  0.007  0.634  1.000  0.485  0.405  0.562  0.475  0.531  0.284
YW     -0.142  0.130  0.023 -0.002 -0.149 -0.154 -0.155 -0.180  0.680  0.485  1.000  0.383  0.220  0.370  0.440  0.235
MGC     0.142  0.231  0.221  0.209 -0.146 -0.189 -0.193 -0.211  0.377  0.405  0.383  1.000  0.434  0.812  0.445  0.156
MHG     0.276  0.035 -0.088 -0.083  0.168  0.225  0.186  0.221  0.299  0.562  0.220  0.434  1.000  0.552  0.517  0.286
SIL     0.158  0.153  0.101  0.095 -0.022 -0.034 -0.042 -0.052  0.385  0.475  0.370  0.812  0.552  1.000  0.444  0.215
MCL     0.034  0.105 -0.064 -0.073 -0.026 -0.004 -0.074  0.020  0.431  0.531  0.440  0.445  0.517  0.444  1.000  0.307
QG     -0.017  0.054 -0.049 -0.049  0.086  0.114  0.071  0.116  0.311  0.284  0.235  0.156  0.286  0.215  0.307  1.000
SumABS  3.558  3.561  3.158  3.160  4.867  5.152  5.032  5.160  4.676  4.792  4.747  5.554  5.153  4.912  4.515  3.349
---------------- End Correlation Report - Returns ----------------


---------------- Covariance Report - Account: Uxxxxx30 ----------------
As at: 2022-07-18 15:01:02 (Chicago)
Covariance of Returns (Position Weighted) - 128 Days
----------------------------------------------------
        E7     J7   ZF   ZN     M2K    MES     MNQ     MYM      YC     YK     YW    MGC     MHG    SIL    MCL   QG
E7   0.363  0.086  0.0  0.0   0.977  0.285   0.301   0.535  -0.234  0.143 -0.263  0.252   0.581  0.168  0.061  0.0
J7   0.086  0.369  0.0  0.0  -0.341 -0.140  -0.243  -0.172   0.098  0.032  0.242  0.412   0.074  0.164  0.190  0.0
ZF   0.000  0.000  0.0  0.0   0.000  0.000   0.000   0.000   0.000  0.000  0.000  0.000   0.000  0.000  0.000  0.0
ZN   0.000  0.000  0.0  0.0   0.000  0.000   0.000   0.000   0.000  0.000  0.000  0.000   0.000  0.000  0.000  0.0
M2K  0.977 -0.341  0.0  0.0  29.299  7.731  10.513  11.930  -2.125 -0.292 -2.474 -2.311   3.173 -0.212 -0.421  0.0
MES  0.285 -0.140  0.0  0.0   7.731  2.419   3.200   3.794  -0.530  0.012 -0.735 -0.861   1.225 -0.093 -0.018  0.0
MNQ  0.301 -0.243  0.0  0.0  10.513  3.200   4.548   4.776  -0.700 -0.088 -1.011 -1.206   1.389 -0.158 -0.467  0.0
MYM  0.535 -0.172  0.0  0.0  11.930  3.794   4.776   6.312  -1.029  0.024 -1.388 -1.558   1.943 -0.232  0.146  0.0
YC  -0.234  0.098  0.0  0.0  -2.125 -0.530  -0.700  -1.029  13.566  3.416  7.688  4.072   3.849  2.499  4.727  0.0
YK   0.143  0.032  0.0  0.0  -0.292  0.012  -0.088   0.024   3.416  2.138  2.177  1.735   2.872  1.223  2.314  0.0
YW  -0.263  0.242  0.0  0.0  -2.474 -0.735  -1.011  -1.388   7.688  2.177  9.415  3.446   2.353  2.002  4.020  0.0
MGC  0.252  0.412  0.0  0.0  -2.311 -0.861  -1.206  -1.558   4.072  1.735  3.446  8.600   4.448  4.194  3.889  0.0
MHG  0.581  0.074  0.0  0.0   3.173  1.225   1.389   1.943   3.849  2.872  2.353  4.448  12.205  3.399  5.381  0.0
SIL  0.168  0.164  0.0  0.0  -0.212 -0.093  -0.158  -0.232   2.499  1.223  2.002  4.194   3.399  3.102  2.330  0.0
MCL  0.061  0.190  0.0  0.0  -0.421 -0.018  -0.467   0.146   4.727  2.314  4.020  3.889   5.381  2.330  8.873  0.0
QG   0.000  0.000  0.0  0.0   0.000  0.000   0.000   0.000   0.000  0.000  0.000  0.000   0.000  0.000  0.000  0.0

Sum of Covariance Matrix: 315.59
Portfolio volatility: 17.76
(Square root of sum of Covariance matrix)
---------------- End Covariance Report - Returns ----------------
