---------------- Correlation Report - Account: Uxxxxx30 ----------------

As at: 2022-06-21 15:56:02 (Chicago)


Correlation of Returns - 128 Days

           E7     J7     ZF     ZN    M2K    MES    MNQ    MYM     YC     YK     YW    MGC    MHG    SIL    MCL     QG
E7      1.000  0.241  0.006  0.022  0.286  0.318  0.249  0.374 -0.221  0.119 -0.232  0.116  0.269  0.130 -0.063 -0.024
J7      0.241  1.000  0.485  0.507 -0.155 -0.184 -0.216 -0.153  0.206  0.148  0.156  0.226  0.098  0.159  0.137  0.150
ZF      0.006  0.485  1.000  0.957  0.049  0.017  0.034  0.015  0.276  0.182  0.152  0.278  0.105  0.198  0.038  0.043
ZN      0.022  0.507  0.957  1.000  0.026  0.002  0.018 -0.006  0.261  0.147  0.128  0.296  0.126  0.214  0.034  0.030
M2K     0.286 -0.155  0.049  0.026  1.000  0.916  0.911  0.873 -0.146  0.009 -0.160 -0.171  0.188 -0.077 -0.049  0.058
MES     0.318 -0.184  0.017  0.002  0.916  1.000  0.965  0.967 -0.149  0.061 -0.156 -0.193  0.284 -0.063 -0.025  0.116
MNQ     0.249 -0.216  0.034  0.018  0.911  0.965  1.000  0.886 -0.140  0.029 -0.158 -0.189  0.243 -0.065 -0.071  0.081
MYM     0.374 -0.153  0.015 -0.006  0.873  0.967  0.886  1.000 -0.183  0.054 -0.185 -0.220  0.272 -0.089 -0.018  0.099
YC     -0.221  0.206  0.276  0.261 -0.146 -0.149 -0.140 -0.183  1.000  0.529  0.704  0.455  0.165  0.431  0.377  0.221
YK      0.119  0.148  0.182  0.147  0.009  0.061  0.029  0.054  0.529  1.000  0.366  0.401  0.396  0.432  0.434  0.205
YW     -0.232  0.156  0.152  0.128 -0.160 -0.156 -0.158 -0.185  0.704  0.366  1.000  0.362  0.064  0.354  0.384  0.188
MGC     0.116  0.226  0.278  0.296 -0.171 -0.193 -0.189 -0.220  0.455  0.401  0.362  1.000  0.428  0.835  0.406  0.120
MHG     0.269  0.098  0.105  0.126  0.188  0.284  0.243  0.272  0.165  0.396  0.064  0.428  1.000  0.531  0.397  0.159
SIL     0.130  0.159  0.198  0.214 -0.077 -0.063 -0.065 -0.089  0.431  0.432  0.354  0.835  0.531  1.000  0.419  0.167
MCL    -0.063  0.137  0.038  0.034 -0.049 -0.025 -0.071 -0.018  0.377  0.434  0.384  0.406  0.397  0.419  1.000  0.194
QG     -0.024  0.150  0.043  0.030  0.058  0.116  0.081  0.099  0.221  0.205  0.188  0.120  0.159  0.167  0.194  1.000
SumABS  3.671  4.219  3.835  3.775  5.076  5.416  5.254  5.396  5.465  4.512  4.749  5.697  4.725  5.163  4.046  2.856
---------------- End Correlation Report - Returns ----------------
