---------------- Correlation Report - Account: Uxxxxx30 ----------------

As at: 2022-06-13 15:56:02 (Chicago)


Correlation of Returns - 128 Days

           E7     J7     ZF     ZN    M2K    MES    MNQ    MYM     YC     YK     YW    MGC    MHG    SIL    MCL     QG
E7      1.000  0.176 -0.020  0.004  0.342  0.375  0.294  0.431 -0.249  0.087 -0.250  0.096  0.291  0.116 -0.090 -0.038
J7      0.176  1.000  0.503  0.537 -0.108 -0.153 -0.189 -0.121  0.104  0.145  0.075  0.189  0.093  0.116  0.080  0.070
ZF     -0.020  0.503  1.000  0.956  0.068  0.026  0.036  0.024  0.287  0.201  0.125  0.266  0.124  0.178  0.060  0.005
ZN      0.004  0.537  0.956  1.000  0.048  0.018  0.025  0.010  0.256  0.169  0.100  0.284  0.150  0.200  0.058 -0.016
M2K     0.342 -0.108  0.068  0.048  1.000  0.909  0.908  0.860 -0.111  0.056 -0.091 -0.142  0.169 -0.061 -0.011  0.064
MES     0.375 -0.153  0.026  0.018  0.909  1.000  0.964  0.964 -0.092  0.109 -0.083 -0.168  0.269 -0.052  0.011  0.131
MNQ     0.294 -0.189  0.036  0.025  0.908  0.964  1.000  0.878 -0.093  0.082 -0.096 -0.176  0.226 -0.069 -0.031  0.110
MYM     0.431 -0.121  0.024  0.010  0.860  0.964  0.878  1.000 -0.125  0.088 -0.105 -0.193  0.262 -0.071  0.018  0.101
YC     -0.249  0.104  0.287  0.256 -0.111 -0.092 -0.093 -0.125  1.000  0.586  0.648  0.449  0.197  0.474  0.393  0.186
YK      0.087  0.145  0.201  0.169  0.056  0.109  0.082  0.088  0.586  1.000  0.307  0.413  0.421  0.469  0.416  0.173
YW     -0.250  0.075  0.125  0.100 -0.091 -0.083 -0.096 -0.105  0.648  0.307  1.000  0.302  0.087  0.323  0.391  0.161
MGC     0.096  0.189  0.266  0.284 -0.142 -0.168 -0.176 -0.193  0.449  0.413  0.302  1.000  0.453  0.840  0.401  0.075
MHG     0.291  0.093  0.124  0.150  0.169  0.269  0.226  0.262  0.197  0.421  0.087  0.453  1.000  0.558  0.386  0.118
SIL     0.116  0.116  0.178  0.200 -0.061 -0.052 -0.069 -0.071  0.474  0.469  0.323  0.840  0.558  1.000  0.425  0.124
MCL    -0.090  0.080  0.060  0.058 -0.011  0.011 -0.031  0.018  0.393  0.416  0.391  0.401  0.386  0.425  1.000  0.155
QG     -0.038  0.070  0.005 -0.016  0.064  0.131  0.110  0.101  0.186  0.173  0.161  0.075  0.118  0.124  0.155  1.000
SumABS  3.860  3.657  3.877  3.830  4.946  5.324  5.176  5.250  5.249  4.722  4.144  5.446  4.803  5.075  3.925  2.524
---------------- End Correlation Report - Returns ----------------
