---------------- Correlation Report - Account: Uxxxxx30 ----------------
As at: 2022-07-27 15:56:02 (Chicago)
Correlation of Returns - 128 Days
---------------------------------
           E7     J7     ZF     ZN    M2K    MES    MNQ    MYM     YC     YK     YW    MGC    MHG    SIL    MCL     QG
E7      1.000  0.218 -0.048 -0.055  0.318  0.340  0.270  0.389 -0.132  0.153 -0.175  0.130  0.271  0.141  0.059 -0.034
J7      0.218  1.000  0.500  0.513 -0.106 -0.130 -0.170 -0.095  0.008  0.034  0.081  0.226  0.051  0.145  0.087  0.074
ZF     -0.048  0.500  1.000  0.977 -0.009 -0.005  0.011 -0.011 -0.022 -0.050 -0.017  0.243 -0.050  0.123 -0.080 -0.039
ZN     -0.055  0.513  0.977  1.000 -0.006 -0.012  0.005 -0.020 -0.023 -0.067 -0.039  0.232 -0.050  0.118 -0.090 -0.039
M2K     0.318 -0.106 -0.009 -0.006  1.000  0.927  0.918  0.889 -0.124 -0.033 -0.154 -0.169  0.189 -0.010  0.002  0.070
MES     0.340 -0.130 -0.005 -0.012  0.927  1.000  0.965  0.972 -0.114 -0.006 -0.158 -0.175  0.233 -0.015  0.017  0.087
MNQ     0.270 -0.170  0.011  0.005  0.918  0.965  1.000  0.894 -0.115 -0.044 -0.159 -0.182  0.195 -0.023 -0.050  0.049
MYM     0.389 -0.095 -0.011 -0.020  0.889  0.972  0.894  1.000 -0.127 -0.001 -0.183 -0.201  0.227 -0.035  0.037  0.088
YC     -0.132  0.008 -0.022 -0.023 -0.124 -0.114 -0.115 -0.127  1.000  0.657  0.677  0.332  0.300  0.373  0.427  0.313
YK      0.153  0.034 -0.050 -0.067 -0.033 -0.006 -0.044 -0.001  0.657  1.000  0.472  0.393  0.555  0.474  0.516  0.284
YW     -0.175  0.081 -0.017 -0.039 -0.154 -0.158 -0.159 -0.183  0.677  0.472  1.000  0.313  0.208  0.359  0.434  0.243
MGC     0.130  0.226  0.243  0.232 -0.169 -0.175 -0.182 -0.201  0.332  0.393  0.313  1.000  0.425  0.802  0.439  0.163
MHG     0.271  0.051 -0.050 -0.050  0.189  0.233  0.195  0.227  0.300  0.555  0.208  0.425  1.000  0.537  0.507  0.334
SIL     0.141  0.145  0.123  0.118 -0.010 -0.015 -0.023 -0.035  0.373  0.474  0.359  0.802  0.537  1.000  0.448  0.257
MCL     0.059  0.087 -0.080 -0.090  0.002  0.017 -0.050  0.037  0.427  0.516  0.434  0.439  0.507  0.448  1.000  0.292
QG     -0.034  0.074 -0.039 -0.039  0.070  0.087  0.049  0.088  0.313  0.284  0.243  0.163  0.334  0.257  0.292  1.000
SumABS  3.735  3.439  3.185  3.246  4.924  5.157  5.051  5.171  4.743  4.739  4.673  5.427  5.132  4.861  4.485  3.368
---------------- End Correlation Report - Returns ----------------


---------------- Covariance Report - Account: Uxxxxx30 ----------------
As at: 2022-07-27 15:56:02 (Chicago)
Covariance of Returns (Position Weighted) - 128 Days
----------------------------------------------------
        E7     J7   ZF   ZN  M2K  MES  MNQ  MYM      YC     YK     YW    MGC     MHG    SIL    MCL   QG
E7   0.376  0.082  0.0  0.0  0.0  0.0  0.0  0.0  -0.311  0.142 -0.335  0.226   0.581  0.147  0.110  0.0
J7   0.082  0.377  0.0  0.0  0.0  0.0  0.0  0.0   0.018  0.032  0.156  0.394   0.109  0.151  0.160  0.0
ZF   0.000  0.000  0.0  0.0  0.0  0.0  0.0  0.0   0.000  0.000  0.000  0.000   0.000  0.000  0.000  0.0
ZN   0.000  0.000  0.0  0.0  0.0  0.0  0.0  0.0   0.000  0.000  0.000  0.000   0.000  0.000  0.000  0.0
M2K  0.000  0.000  0.0  0.0  0.0  0.0  0.0  0.0   0.000  0.000  0.000  0.000   0.000  0.000  0.000  0.0
MES  0.000  0.000  0.0  0.0  0.0  0.0  0.0  0.0   0.000  0.000  0.000  0.000   0.000  0.000  0.000  0.0
MNQ  0.000  0.000  0.0  0.0  0.0  0.0  0.0  0.0   0.000  0.000  0.000  0.000   0.000  0.000  0.000  0.0
MYM  0.000  0.000  0.0  0.0  0.0  0.0  0.0  0.0   0.000  0.000  0.000  0.000   0.000  0.000  0.000  0.0
YC  -0.311  0.018  0.0  0.0  0.0  0.0  0.0  0.0  14.681  3.835  8.097  3.609   4.009  2.425  4.943  0.0
YK   0.142  0.032  0.0  0.0  0.0  0.0  0.0  0.0   3.835  2.322  2.243  1.695   2.956  1.225  2.377  0.0
YW  -0.335  0.156  0.0  0.0  0.0  0.0  0.0  0.0   8.097  2.243  9.738  2.771   2.266  1.904  4.091  0.0
MGC  0.226  0.394  0.0  0.0  0.0  0.0  0.0  0.0   3.609  1.695  2.771  8.027   4.211  3.857  3.756  0.0
MHG  0.581  0.109  0.0  0.0  0.0  0.0  0.0  0.0   4.009  2.956  2.266  4.211  12.200  3.185  5.344  0.0
SIL  0.147  0.151  0.0  0.0  0.0  0.0  0.0  0.0   2.425  1.225  1.904  3.857   3.185  2.881  2.299  0.0
MCL  0.110  0.160  0.0  0.0  0.0  0.0  0.0  0.0   4.943  2.377  4.091  3.756   5.344  2.299  9.120  0.0
QG   0.000  0.000  0.0  0.0  0.0  0.0  0.0  0.0   0.000  0.000  0.000  0.000   0.000  0.000  0.000  0.0

Sum of Covariance Matrix: 205.24
Portfolio volatility: 14.33
(Square root of sum of Covariance matrix)
---------------- End Covariance Report - Returns ----------------
