---------------- Correlation Report - Account: Uxxxxx30 ----------------
As at: 2022-07-13 15:56:02 (Chicago)
Correlation of Returns - 128 Days
---------------------------------
           E7     J7     ZF     ZN    M2K    MES    MNQ    MYM     YC     YK     YW    MGC    MHG    SIL    MCL     QG
E7      1.000  0.225 -0.033 -0.044  0.300  0.308  0.238  0.358 -0.135  0.153 -0.156  0.139  0.264  0.134  0.010 -0.040
J7      0.225  1.000  0.488  0.499 -0.111 -0.152 -0.186 -0.121  0.071  0.019  0.116  0.215 -0.001  0.111  0.089  0.040
ZF     -0.033  0.488  1.000  0.974  0.025 -0.002  0.014 -0.003  0.045 -0.055  0.014  0.220 -0.082  0.079 -0.073 -0.050
ZN     -0.044  0.499  0.974  1.000  0.015 -0.013  0.007 -0.018  0.040 -0.067 -0.007  0.204 -0.082  0.067 -0.082 -0.053
M2K     0.300 -0.111  0.025  0.015  1.000  0.918  0.912  0.877 -0.135 -0.032 -0.155 -0.151  0.160 -0.067 -0.037  0.078
MES     0.308 -0.152 -0.002 -0.013  0.918  1.000  0.965  0.971 -0.110  0.015 -0.151 -0.190  0.229 -0.063 -0.008  0.112
MNQ     0.238 -0.186  0.014  0.007  0.912  0.965  1.000  0.893 -0.115 -0.021 -0.154 -0.190  0.190 -0.062 -0.076  0.070
MYM     0.358 -0.121 -0.003 -0.018  0.877  0.971  0.893  1.000 -0.128  0.019 -0.177 -0.216  0.227 -0.090  0.013  0.109
YC     -0.135  0.071  0.045  0.040 -0.135 -0.110 -0.115 -0.128  1.000  0.635  0.714  0.438  0.322  0.453  0.480  0.314
YK      0.153  0.019 -0.055 -0.067 -0.032  0.015 -0.021  0.019  0.635  1.000  0.472  0.407  0.557  0.478  0.514  0.270
YW     -0.156  0.116  0.014 -0.007 -0.155 -0.151 -0.154 -0.177  0.714  0.472  1.000  0.380  0.206  0.389  0.436  0.234
MGC     0.139  0.215  0.220  0.204 -0.151 -0.190 -0.190 -0.216  0.438  0.407  0.380  1.000  0.421  0.804  0.446  0.150
MHG     0.264 -0.001 -0.082 -0.082  0.160  0.229  0.190  0.227  0.322  0.557  0.206  0.421  1.000  0.529  0.497  0.265
SIL     0.134  0.111  0.079  0.067 -0.067 -0.063 -0.062 -0.090  0.453  0.478  0.389  0.804  0.529  1.000  0.447  0.194
MCL     0.010  0.089 -0.073 -0.082 -0.037 -0.008 -0.076  0.013  0.480  0.514  0.436  0.446  0.497  0.447  1.000  0.291
QG     -0.040  0.040 -0.050 -0.053  0.078  0.112  0.070  0.109  0.314  0.270  0.234  0.150  0.265  0.194  0.291  1.000
SumABS  3.537  3.444  3.155  3.171  4.976  5.208  5.093  5.219  5.135  4.714  4.760  5.573  5.033  4.967  4.499  3.271
---------------- End Correlation Report - Returns ----------------


---------------- Covariance Report - Account: Uxxxxx30 ----------------
As at: 2022-07-13 15:56:02 (Chicago)
Covariance of Returns - 128 Days
---------------------------------
           E7     J7     ZF     ZN     M2K     MES     MNQ    MYM      YC      YK      YW    MGC     MHG     SIL     MCL      QG
E7      0.358  0.081 -0.007 -0.014   0.337   0.295   0.315  0.277  -0.155   0.137  -0.295  0.083   0.282   0.142   0.018  -0.119
J7      0.081  0.362  0.109  0.156  -0.125  -0.147  -0.247 -0.094   0.082   0.017   0.220  0.129  -0.001   0.118   0.164   0.119
ZF     -0.007  0.109  0.134  0.183   0.017  -0.001   0.011 -0.001   0.031  -0.029   0.016  0.079  -0.053   0.050  -0.081  -0.088
ZN     -0.014  0.156  0.183  0.263   0.014  -0.010   0.008 -0.012   0.039  -0.051  -0.011  0.103  -0.073   0.060  -0.127  -0.131
M2K     0.337 -0.125  0.017  0.014   3.411   2.683   3.672  2.058  -0.472  -0.088  -0.891 -0.275   0.520  -0.215  -0.207   0.703
MES     0.295 -0.147 -0.001 -0.010   2.683   2.502   3.327  1.951  -0.329   0.036  -0.745 -0.296   0.637  -0.174  -0.036   0.861
MNQ     0.315 -0.247  0.011  0.008   3.672   3.327   4.748  2.472  -0.473  -0.067  -1.043 -0.409   0.726  -0.237  -0.498   0.739
MYM     0.277 -0.094 -0.001 -0.012   2.058   1.951   2.472  1.614  -0.308   0.035  -0.698 -0.270   0.505  -0.201   0.048   0.672
YC     -0.155  0.082  0.031  0.039  -0.472  -0.329  -0.473 -0.308   3.563   1.765   4.187  0.814   1.066   1.492   2.730   2.881
YK      0.137  0.017 -0.029 -0.051  -0.088   0.036  -0.067  0.035   1.765   2.172   2.162  0.591   1.441   1.229   2.279   1.934
YW     -0.295  0.220  0.016 -0.011  -0.891  -0.745  -1.043 -0.698   4.187   2.162   9.668  1.163   1.122   2.109   4.081   3.534
MGC     0.083  0.129  0.079  0.103  -0.275  -0.296  -0.409 -0.270   0.814   0.591   1.163  0.970   0.728   1.384   1.322   0.720
MHG     0.282 -0.001 -0.053 -0.073   0.520   0.637   0.726  0.505   1.066   1.441   1.122  0.728   3.079   1.621   2.626   2.260
SIL     0.142  0.118  0.050  0.060  -0.215  -0.174  -0.237 -0.201   1.492   1.229   2.109  1.384   1.621   3.049   2.351   1.648
MCL     0.018  0.164 -0.081 -0.127  -0.207  -0.036  -0.498  0.048   2.730   2.279   4.081  1.322   2.626   2.351   9.064   4.252
QG     -0.119  0.119 -0.088 -0.131   0.703   0.861   0.739  0.672   2.881   1.934   3.534  0.720   2.260   1.648   4.252  23.586
Sum     1.735  0.944  0.369  0.397  11.142  10.552  13.045  8.049  16.913  13.563  24.580  6.836  16.487  14.427  27.986  43.568
Weight  0.065  0.065  0.095  0.095   0.060   0.060   0.060  0.060   0.050   0.050   0.050  0.050   0.050   0.050   0.070   0.070
Vol     0.113  0.061  0.035  0.038   0.669   0.633   0.783  0.483   0.846   0.678   1.229  0.342   0.824   0.721   1.959   3.050

Theoretical portfolio volatility (when fully weighted): 12.46
---------------- End Covariance Report - Returns ----------------
