---------------- Correlation Report - Account: Uxxxxx30 ----------------
As at: 2022-07-12 15:56:02 (Chicago)
Correlation of Returns - 128 Days
---------------------------------
           E7     J7     ZF     ZN    M2K    MES    MNQ    MYM     YC     YK     YW    MGC    MHG    SIL    MCL     QG
E7      1.000  0.227 -0.033 -0.046  0.299  0.306  0.234  0.359 -0.132  0.154 -0.156  0.138  0.262  0.133  0.013 -0.048
J7      0.227  1.000  0.489  0.502 -0.112 -0.157 -0.190 -0.124  0.070  0.018  0.113  0.214 -0.002  0.111  0.089  0.043
ZF     -0.033  0.489  1.000  0.975  0.024 -0.003  0.012 -0.003  0.044 -0.055  0.013  0.219 -0.084  0.077 -0.073 -0.052
ZN     -0.046  0.502  0.975  1.000  0.014 -0.014  0.003 -0.017  0.036 -0.070 -0.009  0.201 -0.087  0.063 -0.083 -0.062
M2K     0.299 -0.112  0.024  0.014  1.000  0.918  0.911  0.878 -0.136 -0.033 -0.154 -0.151  0.158 -0.067 -0.038  0.080
MES     0.306 -0.157 -0.003 -0.014  0.918  1.000  0.965  0.970 -0.106  0.019 -0.147 -0.187  0.231 -0.061 -0.006  0.119
MNQ     0.234 -0.190  0.012  0.003  0.911  0.965  1.000  0.892 -0.110 -0.017 -0.148 -0.187  0.190 -0.061 -0.074  0.076
MYM     0.359 -0.124 -0.003 -0.017  0.878  0.970  0.892  1.000 -0.125  0.021 -0.174 -0.213  0.229 -0.088  0.013  0.116
YC     -0.132  0.070  0.044  0.036 -0.136 -0.106 -0.110 -0.125  1.000  0.637  0.714  0.439  0.336  0.459  0.484  0.311
YK      0.154  0.018 -0.055 -0.070 -0.033  0.019 -0.017  0.021  0.637  1.000  0.474  0.409  0.565  0.483  0.516  0.268
YW     -0.156  0.113  0.013 -0.009 -0.154 -0.147 -0.148 -0.174  0.714  0.474  1.000  0.382  0.213  0.392  0.437  0.238
MGC     0.138  0.214  0.219  0.201 -0.151 -0.187 -0.187 -0.213  0.439  0.409  0.382  1.000  0.419  0.804  0.448  0.148
MHG     0.262 -0.002 -0.084 -0.087  0.158  0.231  0.190  0.229  0.336  0.565  0.213  0.419  1.000  0.530  0.506  0.259
SIL     0.133  0.111  0.077  0.063 -0.067 -0.061 -0.061 -0.088  0.459  0.483  0.392  0.804  0.530  1.000  0.454  0.190
MCL     0.013  0.089 -0.073 -0.083 -0.038 -0.006 -0.074  0.013  0.484  0.516  0.437  0.448  0.506  0.454  1.000  0.292
QG     -0.048  0.043 -0.052 -0.062  0.080  0.119  0.076  0.116  0.311  0.268  0.238  0.148  0.259  0.190  0.292  1.000
SumABS  3.538  3.461  3.156  3.184  4.971  5.208  5.070  5.223  5.139  4.740  4.763  5.561  5.071  4.974  4.525  3.303
---------------- End Correlation Report - Returns ----------------


---------------- Covariance Report - Account: Uxxxxx30 ----------------
As at: 2022-07-12 15:56:02 (Chicago)
Covariance of Returns - 128 Days
---------------------------------
           E7     J7     ZF     ZN     M2K     MES     MNQ    MYM      YC      YK      YW    MGC     MHG     SIL     MCL      QG
E7      0.358  0.082 -0.007 -0.014   0.336   0.294   0.311  0.277  -0.152   0.138  -0.294  0.082   0.283   0.141   0.023  -0.140
J7      0.082  0.362  0.109  0.157  -0.127  -0.152  -0.254 -0.096   0.081   0.017   0.214  0.129  -0.002   0.118   0.164   0.126
ZF     -0.007  0.109  0.134  0.183   0.016  -0.002   0.010 -0.002   0.030  -0.030   0.015  0.079  -0.054   0.049  -0.081  -0.092
ZN     -0.014  0.157  0.183  0.263   0.013  -0.012   0.004 -0.011   0.035  -0.053  -0.015  0.102  -0.079   0.056  -0.128  -0.153
M2K     0.336 -0.127  0.016  0.013   3.415   2.689   3.684  2.060  -0.476  -0.089  -0.886 -0.275   0.516  -0.217  -0.213   0.710
MES     0.294 -0.152 -0.002 -0.012   2.689   2.514   3.351  1.954  -0.318   0.044  -0.724 -0.292   0.649  -0.168  -0.029   0.912
MNQ     0.311 -0.254  0.010  0.004   3.684   3.351   4.793  2.480  -0.458  -0.055  -1.006 -0.403   0.736  -0.235  -0.489   0.802
MYM     0.277 -0.096 -0.002 -0.011   2.060   1.954   2.480  1.614  -0.302   0.040  -0.690 -0.267   0.515  -0.195   0.051   0.712
YC     -0.152  0.081  0.030  0.035  -0.476  -0.318  -0.458 -0.302   3.601   1.784   4.221  0.821   1.131   1.521   2.768   2.840
YK      0.138  0.017 -0.030 -0.053  -0.089   0.044  -0.055  0.040   1.784   2.180   2.182  0.595   1.478   1.247   2.297   1.904
YW     -0.294  0.214  0.015 -0.015  -0.886  -0.724  -1.006 -0.690   4.221   2.182   9.709  1.172   1.175   2.135   4.108   3.574
MGC     0.082  0.129  0.079  0.102  -0.275  -0.292  -0.403 -0.267   0.821   0.595   1.172  0.970   0.732   1.383   1.331   0.704
MHG     0.283 -0.002 -0.054 -0.079   0.516   0.649   0.736  0.515   1.131   1.478   1.175  0.732   3.141   1.641   2.704   2.213
SIL     0.141  0.118  0.049  0.056  -0.217  -0.168  -0.235 -0.195   1.521   1.247   2.135  1.383   1.641   3.050   2.391   1.602
MCL     0.023  0.164 -0.081 -0.128  -0.213  -0.029  -0.489  0.051   2.768   2.297   4.108  1.331   2.704   2.391   9.097   4.234
QG     -0.140  0.126 -0.092 -0.153   0.710   0.912   0.802  0.712   2.840   1.904   3.574  0.704   2.213   1.602   4.234  23.191
Sum     1.716  0.928  0.357  0.348  11.156  10.712  13.269  8.141  17.130  13.678  24.889  6.863  16.777  14.520  28.228  43.140
Weight  0.065  0.065  0.095  0.095   0.060   0.060   0.060  0.060   0.050   0.050   0.050  0.050   0.050   0.050   0.070   0.070
Vol     0.112  0.060  0.034  0.033   0.669   0.643   0.796  0.488   0.857   0.684   1.244  0.343   0.839   0.726   1.976   3.020

Theoretical portfolio volatility (when fully weighted): 12.52
---------------- End Covariance Report - Returns ----------------
