---------------- Correlation Report - Account: Uxxxxx30 ----------------

As at: 2022-05-20 15:56:02 (Chicago)


Correlation of Returns - 128 Days

           E7     J7     ZF     ZN    M2K    MES    MNQ    MYM     YC     YK     YW    MGC    MHG    SIL    MCL     QG
E7      1.000  0.210 -0.118 -0.079  0.229  0.243  0.199  0.279 -0.304  0.032 -0.328  0.070  0.139  0.065 -0.163 -0.038
J7      0.210  1.000  0.529  0.562 -0.241 -0.271 -0.256 -0.272  0.101  0.070  0.014  0.197 -0.039  0.087 -0.090  0.118
ZF     -0.118  0.529  1.000  0.949 -0.041 -0.092 -0.052 -0.105  0.304  0.122  0.138  0.240  0.087  0.140  0.056  0.017
ZN     -0.079  0.562  0.949  1.000 -0.061 -0.093 -0.058 -0.110  0.260  0.077  0.107  0.250  0.121  0.159  0.054 -0.011
M2K     0.229 -0.241 -0.041 -0.061  1.000  0.900  0.887  0.849 -0.156 -0.014 -0.097 -0.220  0.158 -0.097  0.082  0.026
MES     0.243 -0.271 -0.092 -0.093  0.900  1.000  0.959  0.954 -0.140  0.044 -0.108 -0.250  0.231 -0.109  0.081  0.103
MNQ     0.199 -0.256 -0.052 -0.058  0.887  0.959  1.000  0.849 -0.151  0.000 -0.133 -0.234  0.176 -0.109  0.010  0.100
MYM     0.279 -0.272 -0.105 -0.110  0.849  0.954  0.849  1.000 -0.150  0.044 -0.112 -0.278  0.234 -0.130  0.112  0.054
YC     -0.304  0.101  0.304  0.260 -0.156 -0.140 -0.151 -0.150  1.000  0.634  0.631  0.446  0.187  0.466  0.388  0.196
YK      0.032  0.070  0.122  0.077 -0.014  0.044  0.000  0.044  0.634  1.000  0.320  0.366  0.392  0.429  0.431  0.200
YW     -0.328  0.014  0.138  0.107 -0.097 -0.108 -0.133 -0.112  0.631  0.320  1.000  0.282  0.081  0.312  0.415  0.128
MGC     0.070  0.197  0.240  0.250 -0.220 -0.250 -0.234 -0.278  0.446  0.366  0.282  1.000  0.374  0.818  0.364  0.101
MHG     0.139 -0.039  0.087  0.121  0.158  0.231  0.176  0.234  0.187  0.392  0.081  0.374  1.000  0.519  0.446  0.103
SIL     0.065  0.087  0.140  0.159 -0.097 -0.109 -0.109 -0.130  0.466  0.429  0.312  0.818  0.519  1.000  0.406  0.110
MCL    -0.163 -0.090  0.056  0.054  0.082  0.081  0.010  0.112  0.388  0.431  0.415  0.364  0.446  0.406  1.000  0.132
QG     -0.038  0.118  0.017 -0.011  0.026  0.103  0.100  0.054  0.196  0.200  0.128  0.101  0.103  0.110  0.132  1.000
SumABS  3.497  4.057  3.990  3.951  5.058  5.579  5.174  5.533  5.513  4.174  4.206  5.492  4.288  4.955  4.229  2.438
---------------- End Correlation Report - Returns ----------------
