---------------- Correlation Report - Account: Uxxxxx30 ----------------

As at: 2022-06-03 15:56:02 (Chicago)


Correlation of Returns - 128 Days

           E7     J7     ZF     ZN    M2K    MES    MNQ    MYM     YC     YK     YW    MGC    MHG    SIL    MCL     QG
E7      1.000  0.193 -0.103 -0.070  0.299  0.324  0.254  0.378 -0.263  0.068 -0.257  0.081  0.259  0.096 -0.104 -0.027
J7      0.193  1.000  0.552  0.582 -0.126 -0.161 -0.190 -0.136  0.140  0.168  0.090  0.209  0.087  0.131  0.067  0.091
ZF     -0.103  0.552  1.000  0.952 -0.028 -0.074 -0.046 -0.081  0.292  0.145  0.143  0.245  0.069  0.148  0.052 -0.012
ZN     -0.070  0.582  0.952  1.000 -0.047 -0.077 -0.052 -0.088  0.257  0.111  0.118  0.257  0.102  0.170  0.051 -0.030
M2K     0.299 -0.126 -0.028 -0.047  1.000  0.903  0.904  0.845 -0.133  0.004 -0.096 -0.197  0.145 -0.108  0.009  0.026
MES     0.324 -0.161 -0.074 -0.077  0.903  1.000  0.965  0.957 -0.109  0.065 -0.092 -0.218  0.230 -0.098  0.016  0.103
MNQ     0.254 -0.190 -0.046 -0.052  0.904  0.965  1.000  0.866 -0.109  0.043 -0.105 -0.215  0.192 -0.101 -0.022  0.092
MYM     0.378 -0.136 -0.081 -0.088  0.845  0.957  0.866  1.000 -0.142  0.042 -0.115 -0.243  0.221 -0.123  0.019  0.063
YC     -0.263  0.140  0.292  0.257 -0.133 -0.109 -0.109 -0.142  1.000  0.584  0.651  0.455  0.201  0.470  0.395  0.176
YK      0.068  0.168  0.145  0.111  0.004  0.065  0.043  0.042  0.584  1.000  0.317  0.398  0.407  0.453  0.410  0.181
YW     -0.257  0.090  0.143  0.118 -0.096 -0.092 -0.105 -0.115  0.651  0.317  1.000  0.321  0.092  0.327  0.403  0.130
MGC     0.081  0.209  0.245  0.257 -0.197 -0.218 -0.215 -0.243  0.455  0.398  0.321  1.000  0.450  0.840  0.413  0.083
MHG     0.259  0.087  0.069  0.102  0.145  0.230  0.192  0.221  0.201  0.407  0.092  0.450  1.000  0.546  0.378  0.109
SIL     0.096  0.131  0.148  0.170 -0.108 -0.098 -0.101 -0.123  0.470  0.453  0.327  0.840  0.546  1.000  0.429  0.114
MCL    -0.104  0.067  0.052  0.051  0.009  0.016 -0.022  0.019  0.395  0.410  0.403  0.413  0.378  0.429  1.000  0.146
QG     -0.027  0.091 -0.012 -0.030  0.026  0.103  0.092  0.063  0.176  0.181  0.130  0.083  0.109  0.114  0.146  1.000
SumABS  3.777  3.922  3.941  3.963  4.871  5.393  5.157  5.318  5.378  4.396  4.256  5.623  4.486  5.155  3.913  2.383
---------------- End Correlation Report - Returns ----------------
