---------------- Correlation Report - Account: Uxxxxx30 ----------------
As at: 2022-07-06 15:56:02 (Chicago)
Correlation of Returns - 128 Days
---------------------------------
           E7     J7     ZF     ZN    M2K    MES    MNQ    MYM     YC     YK     YW    MGC    MHG    SIL    MCL     QG
E7      1.000  0.234 -0.011 -0.018  0.285  0.305  0.226  0.363 -0.148  0.179 -0.191  0.145  0.293  0.150  0.014 -0.012
J7      0.234  1.000  0.496  0.518 -0.131 -0.156 -0.194 -0.123  0.103  0.049  0.108  0.220  0.032  0.132  0.107  0.079
ZF     -0.011  0.496  1.000  0.974  0.052  0.017  0.036  0.013  0.083 -0.020  0.059  0.235 -0.046  0.088 -0.039 -0.039
ZN     -0.018  0.518  0.974  1.000  0.044  0.010  0.032  0.001  0.081 -0.029  0.041  0.222 -0.035  0.079 -0.044 -0.045
M2K     0.285 -0.131  0.052  0.044  1.000  0.916  0.908  0.876 -0.158 -0.064 -0.187 -0.156  0.117 -0.072 -0.051  0.060
MES     0.305 -0.156  0.017  0.010  0.916  1.000  0.965  0.970 -0.137 -0.010 -0.179 -0.186  0.211 -0.060 -0.024  0.107
MNQ     0.226 -0.194  0.036  0.032  0.908  0.965  1.000  0.890 -0.140 -0.050 -0.183 -0.187  0.165 -0.060 -0.092  0.068
MYM     0.363 -0.123  0.013  0.001  0.876  0.970  0.890  1.000 -0.153 -0.000 -0.201 -0.212  0.214 -0.086 -0.001  0.098
YC     -0.148  0.103  0.083  0.081 -0.158 -0.137 -0.140 -0.153  1.000  0.587  0.707  0.458  0.292  0.468  0.428  0.313
YK      0.179  0.049 -0.020 -0.029 -0.064 -0.010 -0.050 -0.000  0.587  1.000  0.428  0.420  0.537  0.493  0.459  0.222
YW     -0.191  0.108  0.059  0.041 -0.187 -0.179 -0.183 -0.201  0.707  0.428  1.000  0.378  0.151  0.386  0.402  0.241
MGC     0.145  0.220  0.235  0.222 -0.156 -0.186 -0.187 -0.212  0.458  0.420  0.378  1.000  0.433  0.807  0.457  0.161
MHG     0.293  0.032 -0.046 -0.035  0.117  0.211  0.165  0.214  0.292  0.537  0.151  0.433  1.000  0.562  0.462  0.215
SIL     0.150  0.132  0.088  0.079 -0.072 -0.060 -0.060 -0.086  0.468  0.493  0.386  0.807  0.562  1.000  0.455  0.203
MCL     0.014  0.107 -0.039 -0.044 -0.051 -0.024 -0.092 -0.001  0.428  0.459  0.402  0.457  0.462  0.455  1.000  0.263
QG     -0.012  0.079 -0.039 -0.045  0.060  0.107  0.068  0.098  0.313  0.222  0.241  0.161  0.215  0.203  0.263  1.000
SumABS  3.574  3.680  3.208  3.173  5.079  5.252  5.196  5.201  5.258  4.547  4.842  5.679  4.766  5.101  4.299  3.126
---------------- End Correlation Report - Returns ----------------


---------------- Covariance Report - Account: Uxxxxx30 ----------------
As at: 2022-07-06 15:56:02 (Chicago)
Covariance of Returns - 128 Days
---------------------------------
           E7     J7     ZF     ZN     M2K     MES     MNQ    MYM      YC      YK      YW    MGC     MHG     SIL     MCL      QG
E7      0.361  0.085 -0.002 -0.005   0.319   0.293   0.301  0.281  -0.158   0.151  -0.348  0.087   0.301   0.161   0.026  -0.034
J7      0.085  0.368  0.111  0.161  -0.147  -0.151  -0.259 -0.095   0.111   0.042   0.198  0.134   0.033   0.142   0.191   0.224
ZF     -0.002  0.111  0.131  0.178   0.034   0.010   0.028  0.006   0.053  -0.010   0.064  0.084  -0.028   0.056  -0.041  -0.066
ZN     -0.005  0.161  0.178  0.255   0.041   0.008   0.035  0.001   0.071  -0.021   0.062  0.111  -0.030   0.070  -0.064  -0.105
M2K     0.319 -0.147  0.034  0.041   3.356   2.649   3.622  2.032  -0.505  -0.162  -1.025 -0.283   0.361  -0.232  -0.273   0.509
MES     0.293 -0.151  0.010  0.008   2.649   2.489   3.315  1.936  -0.379  -0.021  -0.842 -0.290   0.561  -0.165  -0.110   0.780
MNQ     0.301 -0.259  0.028  0.035   3.622   3.315   4.740  2.452  -0.533  -0.150  -1.191 -0.403   0.606  -0.231  -0.585   0.680
MYM     0.281 -0.095  0.006  0.001   2.032   1.936   2.452  1.601  -0.338  -0.000  -0.759 -0.265   0.456  -0.192  -0.006   0.574
YC     -0.158  0.111  0.053  0.071  -0.505  -0.379  -0.533 -0.338   3.049   1.423   3.688  0.791   0.859   1.439   2.170   2.522
YK      0.151  0.042 -0.010 -0.021  -0.162  -0.021  -0.150 -0.000   1.423   1.927   1.776  0.576   1.256   1.205   1.851   1.423
YW     -0.348  0.198  0.064  0.062  -1.025  -0.842  -1.191 -0.759   3.688   1.776   8.929  1.117   0.762   2.032   3.492   3.325
MGC     0.087  0.134  0.084  0.111  -0.283  -0.290  -0.403 -0.265   0.791   0.576   1.117  0.976   0.720   1.404   1.313   0.736
MHG     0.301  0.033 -0.028 -0.030   0.361   0.561   0.606  0.456   0.859   1.256   0.762  0.720   2.833   1.663   2.259   1.672
SIL     0.161  0.142  0.056  0.070  -0.232  -0.165  -0.231 -0.192   1.439   1.205   2.032  1.404   1.663   3.097   2.329   1.652
MCL     0.026  0.191 -0.041 -0.064  -0.273  -0.110  -0.585 -0.006   2.170   1.851   3.492  1.313   2.259   2.329   8.449   3.529
QG     -0.034  0.224 -0.066 -0.105   0.509   0.780   0.680  0.574   2.522   1.423   3.325  0.736   1.672   1.652   3.529  21.336
Sum     1.818  1.147  0.607  0.768  10.297  10.082  12.427  7.683  14.264  11.266  21.279  6.808  14.283  14.431  24.529  38.758
Weight  0.065  0.065  0.095  0.095   0.060   0.060   0.060  0.060   0.050   0.050   0.050  0.050   0.050   0.050   0.070   0.070
Vol     0.118  0.075  0.058  0.073   0.618   0.605   0.746  0.461   0.713   0.563   1.064  0.340   0.714   0.722   1.717   2.713

Theoretical portfolio volatility (when fully weighted): 11.30
---------------- End Covariance Report - Returns ----------------
