---------------- Correlation Report - Account: Uxxxxx30 ----------------

As at: 2022-05-16 15:56:02 (Chicago)


Correlation of Returns - 128 Days

           E7     J7     ZF     ZN    M2K    MES    MNQ    MYM     YC     YK     YW    MGC    MHG    SIL    MCL     QG
E7      1.000  0.236  0.007  0.005  0.186  0.217  0.169  0.261 -0.322 -0.014 -0.353  0.047  0.107  0.035 -0.175 -0.053
J7      0.236  1.000  0.575  0.608 -0.222 -0.236 -0.225 -0.236  0.138  0.095  0.051  0.211 -0.038  0.101 -0.089  0.120
ZF      0.007  0.575  1.000  0.966 -0.115 -0.116 -0.067 -0.147  0.272  0.077  0.130  0.314  0.036  0.185 -0.072  0.058
ZN      0.005  0.608  0.966  1.000 -0.146 -0.137 -0.084 -0.173  0.239  0.050  0.100  0.306  0.043  0.179 -0.090  0.038
M2K     0.186 -0.222 -0.115 -0.146  1.000  0.895  0.878  0.847 -0.179 -0.048 -0.136 -0.240  0.138 -0.120  0.084  0.015
MES     0.217 -0.236 -0.116 -0.137  0.895  1.000  0.957  0.950 -0.179  0.016 -0.159 -0.267  0.216 -0.131  0.077  0.095
MNQ     0.169 -0.225 -0.067 -0.084  0.878  0.957  1.000  0.837 -0.187 -0.029 -0.179 -0.252  0.155 -0.133  0.004  0.090
MYM     0.261 -0.236 -0.147 -0.173  0.847  0.950  0.837  1.000 -0.194  0.017 -0.166 -0.292  0.226 -0.149  0.110  0.048
YC     -0.322  0.138  0.272  0.239 -0.179 -0.179 -0.187 -0.194  1.000  0.647  0.633  0.471  0.189  0.477  0.375  0.203
YK     -0.014  0.095  0.077  0.050 -0.048  0.016 -0.029  0.017  0.647  1.000  0.328  0.367  0.351  0.422  0.414  0.195
YW     -0.353  0.051  0.130  0.100 -0.136 -0.159 -0.179 -0.166  0.633  0.328  1.000  0.311  0.086  0.320  0.422  0.117
MGC     0.047  0.211  0.314  0.306 -0.240 -0.267 -0.252 -0.292  0.471  0.367  0.311  1.000  0.350  0.821  0.356  0.105
MHG     0.107 -0.038  0.036  0.043  0.138  0.216  0.155  0.226  0.189  0.351  0.086  0.350  1.000  0.502  0.450  0.114
SIL     0.035  0.101  0.185  0.179 -0.120 -0.131 -0.133 -0.149  0.477  0.422  0.320  0.821  0.502  1.000  0.399  0.107
MCL    -0.175 -0.089 -0.072 -0.090  0.084  0.077  0.004  0.110  0.375  0.414  0.422  0.356  0.450  0.399  1.000  0.146
QG     -0.053  0.120  0.058  0.038  0.015  0.095  0.090  0.048  0.203  0.195  0.117  0.105  0.114  0.107  0.146  1.000
SumABS  3.187  4.181  4.138  4.164  5.251  5.649  5.244  5.653  5.707  4.070  4.493  5.709  4.001  5.079  4.262  2.503
---------------- End Correlation Report - Returns ----------------
