---------------- Correlation Report - Account: Uxxxxx30 ----------------
As at: 2022-07-07 15:56:02 (Chicago)
Correlation of Returns - 128 Days
---------------------------------
           E7     J7     ZF     ZN    M2K    MES    MNQ    MYM     YC     YK     YW    MGC    MHG    SIL    MCL     QG
E7      1.000  0.228 -0.010 -0.016  0.288  0.305  0.229  0.361 -0.153  0.167 -0.194  0.141  0.283  0.144  0.015 -0.015
J7      0.228  1.000  0.497  0.518 -0.125 -0.153 -0.190 -0.122  0.102  0.046  0.107  0.218  0.029  0.128  0.110  0.079
ZF     -0.010  0.497  1.000  0.974  0.038  0.008  0.026  0.004  0.080 -0.032  0.050  0.233 -0.054  0.088 -0.051 -0.056
ZN     -0.016  0.518  0.974  1.000  0.029 -0.001  0.021 -0.009  0.076 -0.045  0.030  0.220 -0.048  0.079 -0.057 -0.066
M2K     0.288 -0.125  0.038  0.029  1.000  0.917  0.909  0.879 -0.144 -0.033 -0.169 -0.151  0.148 -0.067 -0.037  0.088
MES     0.305 -0.153  0.008 -0.001  0.917  1.000  0.966  0.970 -0.129  0.010 -0.166 -0.184  0.227 -0.057 -0.013  0.125
MNQ     0.229 -0.190  0.026  0.021  0.909  0.966  1.000  0.892 -0.130 -0.027 -0.169 -0.184  0.184 -0.057 -0.080  0.088
MYM     0.361 -0.122  0.004 -0.009  0.879  0.970  0.892  1.000 -0.145  0.017 -0.188 -0.211  0.227 -0.086  0.009  0.116
YC     -0.153  0.102  0.080  0.076 -0.144 -0.129 -0.130 -0.145  1.000  0.587  0.708  0.458  0.296  0.467  0.435  0.320
YK      0.167  0.046 -0.032 -0.045 -0.033  0.010 -0.027  0.017  0.587  1.000  0.440  0.415  0.553  0.484  0.475  0.257
YW     -0.194  0.107  0.050  0.030 -0.169 -0.166 -0.169 -0.188  0.708  0.440  1.000  0.378  0.172  0.384  0.412  0.260
MGC     0.141  0.218  0.233  0.220 -0.151 -0.184 -0.184 -0.211  0.458  0.415  0.378  1.000  0.432  0.805  0.457  0.162
MHG     0.283  0.029 -0.054 -0.048  0.148  0.227  0.184  0.227  0.296  0.553  0.172  0.432  1.000  0.548  0.481  0.256
SIL     0.144  0.128  0.088  0.079 -0.067 -0.057 -0.057 -0.086  0.467  0.484  0.384  0.805  0.548  1.000  0.455  0.200
MCL     0.015  0.110 -0.051 -0.057 -0.037 -0.013 -0.080  0.009  0.435  0.475  0.412  0.457  0.481  0.455  1.000  0.283
QG     -0.015  0.079 -0.056 -0.066  0.088  0.125  0.088  0.116  0.320  0.257  0.260  0.162  0.256  0.200  0.283  1.000
SumABS  3.550  3.652  3.203  3.188  5.022  5.230  5.152  5.235  5.231  4.588  4.828  5.650  4.938  5.050  4.370  3.373
---------------- End Correlation Report - Returns ----------------


---------------- Covariance Report - Account: Uxxxxx30 ----------------
As at: 2022-07-07 15:56:02 (Chicago)
Covariance of Returns - 128 Days
---------------------------------
           E7     J7     ZF     ZN     M2K     MES     MNQ    MYM      YC      YK      YW    MGC     MHG     SIL     MCL      QG
E7      0.356  0.083 -0.002 -0.005   0.322   0.293   0.304  0.278  -0.162   0.143  -0.354  0.085   0.294   0.154   0.026  -0.044
J7      0.083  0.366  0.111  0.161  -0.142  -0.149  -0.254 -0.095   0.109   0.040   0.198  0.133   0.031   0.138   0.197   0.231
ZF     -0.002  0.111  0.131  0.179   0.026   0.005   0.021  0.002   0.050  -0.017   0.055  0.084  -0.034   0.056  -0.054  -0.097
ZN     -0.005  0.161  0.179  0.257   0.027  -0.001   0.023 -0.006   0.067  -0.032   0.046  0.110  -0.042   0.070  -0.085  -0.159
M2K     0.322 -0.142  0.026  0.027   3.399   2.681   3.664  2.059  -0.466  -0.086  -0.935 -0.276   0.468  -0.217  -0.198   0.772
MES     0.293 -0.149  0.005 -0.001   2.681   2.511   3.346  1.954  -0.357   0.022  -0.789 -0.288   0.617  -0.159  -0.060   0.942
MNQ     0.304 -0.254  0.021  0.023   3.664   3.346   4.781  2.478  -0.499  -0.082  -1.112 -0.398   0.693  -0.217  -0.515   0.917
MYM     0.278 -0.095  0.002 -0.006   2.059   1.954   2.478  1.615  -0.323   0.030  -0.720 -0.265   0.496  -0.191   0.034   0.698
YC     -0.162  0.109  0.050  0.067  -0.466  -0.357  -0.499 -0.323   3.058   1.449   3.727  0.792   0.889   1.435   2.226   2.660
YK      0.143  0.040 -0.017 -0.032  -0.086   0.022  -0.082  0.030   1.449   1.990   1.866  0.579   1.341   1.199   1.962   1.724
YW     -0.354  0.198  0.055  0.046  -0.935  -0.789  -1.112 -0.720   3.727   1.866   9.052  1.125   0.888   2.031   3.630   3.718
MGC     0.085  0.133  0.084  0.110  -0.276  -0.288  -0.398 -0.265   0.792   0.579   1.125  0.978   0.733   1.400   1.324   0.762
MHG     0.294  0.031 -0.034 -0.042   0.468   0.617   0.693  0.496   0.889   1.341   0.888  0.733   2.952   1.654   2.420   2.087
SIL     0.154  0.138  0.056  0.070  -0.217  -0.159  -0.217 -0.191   1.435   1.199   2.031  1.400   1.654   3.087   2.343   1.668
MCL     0.026  0.197 -0.054 -0.085  -0.198  -0.060  -0.515  0.034   2.226   1.962   3.630  1.324   2.420   2.343   8.573   3.940
QG     -0.044  0.231 -0.097 -0.159   0.772   0.942   0.917  0.698   2.660   1.724   3.718  0.762   2.087   1.668   3.940  22.565
Sum     1.771  1.156  0.516  0.611  11.098  10.565  13.147  8.043  14.657  12.129  22.426  6.876  15.486  14.450  25.763  42.385
Weight  0.065  0.065  0.095  0.095   0.060   0.060   0.060  0.060   0.050   0.050   0.050  0.050   0.050   0.050   0.070   0.070
Vol     0.115  0.075  0.049  0.058   0.666   0.634   0.789  0.483   0.733   0.606   1.121  0.344   0.774   0.723   1.803   2.967

Theoretical portfolio volatility (when fully weighted): 11.94
---------------- End Covariance Report - Returns ----------------
