---------------- Correlation Report - Account: Uxxxxx30 ----------------

As at: 2022-05-26 15:56:02 (Chicago)


Correlation of Returns - 128 Days

           E7     J7     ZF     ZN    M2K    MES    MNQ    MYM     YC     YK     YW    MGC    MHG    SIL    MCL     QG
E7      1.000  0.213 -0.122 -0.089  0.230  0.263  0.211  0.302 -0.300  0.021 -0.313  0.070  0.179  0.077 -0.168 -0.005
J7      0.213  1.000  0.536  0.567 -0.246 -0.269 -0.268 -0.257  0.086  0.082  0.004  0.194 -0.046  0.093 -0.082  0.106
ZF     -0.122  0.536  1.000  0.951 -0.046 -0.097 -0.063 -0.102  0.265  0.123  0.107  0.239  0.059  0.147  0.051 -0.001
ZN     -0.089  0.567  0.951  1.000 -0.067 -0.100 -0.070 -0.110  0.226  0.083  0.080  0.249  0.092  0.164  0.050 -0.028
M2K     0.230 -0.246 -0.046 -0.067  1.000  0.901  0.893  0.847 -0.153 -0.004 -0.090 -0.238  0.164 -0.103  0.090  0.029
MES     0.263 -0.269 -0.097 -0.100  0.901  1.000  0.960  0.955 -0.137  0.052 -0.100 -0.256  0.238 -0.106  0.089  0.110
MNQ     0.211 -0.268 -0.063 -0.070  0.893  0.960  1.000  0.853 -0.141  0.014 -0.119 -0.255  0.179 -0.118  0.028  0.100
MYM     0.302 -0.257 -0.102 -0.110  0.847  0.955  0.853  1.000 -0.156  0.047 -0.110 -0.271  0.247 -0.115  0.112  0.068
YC     -0.300  0.086  0.265  0.226 -0.153 -0.137 -0.141 -0.156  1.000  0.595  0.633  0.458  0.204  0.467  0.375  0.209
YK      0.021  0.082  0.123  0.083 -0.004  0.052  0.014  0.047  0.595  1.000  0.301  0.380  0.388  0.434  0.436  0.170
YW     -0.313  0.004  0.107  0.080 -0.090 -0.100 -0.119 -0.110  0.633  0.301  1.000  0.302  0.098  0.321  0.411  0.140
MGC     0.070  0.194  0.239  0.249 -0.238 -0.256 -0.255 -0.271  0.458  0.380  0.302  1.000  0.399  0.819  0.384  0.099
MHG     0.179 -0.046  0.059  0.092  0.164  0.238  0.179  0.247  0.204  0.388  0.098  0.399  1.000  0.537  0.458  0.113
SIL     0.077  0.093  0.147  0.164 -0.103 -0.106 -0.118 -0.115  0.467  0.434  0.321  0.819  0.537  1.000  0.427  0.114
MCL    -0.168 -0.082  0.051  0.050  0.090  0.089  0.028  0.112  0.375  0.436  0.411  0.384  0.458  0.427  1.000  0.123
QG     -0.005  0.106 -0.001 -0.028  0.029  0.110  0.100  0.068  0.209  0.170  0.140  0.099  0.113  0.114  0.123  1.000
SumABS  3.562  4.050  3.909  3.928  5.102  5.634  5.273  5.552  5.406  4.131  4.131  5.614  4.400  5.042  4.286  2.415
---------------- End Correlation Report - Returns ----------------
