---------------- Correlation Report - Account: Uxxxxx30 ----------------

As at: 2022-05-18 15:56:02 (Chicago)


Correlation of Returns - 128 Days

           E7     J7     ZF     ZN    M2K    MES    MNQ    MYM     YC     YK     YW    MGC    MHG    SIL    MCL     QG
E7      1.000  0.200 -0.024 -0.029  0.230  0.260  0.212  0.297 -0.315  0.009 -0.321  0.045  0.121  0.047 -0.174 -0.036
J7      0.200  1.000  0.575  0.611 -0.244 -0.266 -0.251 -0.269  0.107  0.077  0.023  0.199 -0.063  0.082 -0.100  0.114
ZF     -0.024  0.575  1.000  0.966 -0.145 -0.143 -0.094 -0.170  0.270  0.062  0.112  0.302  0.016  0.169 -0.066  0.044
ZN     -0.029  0.611  0.966  1.000 -0.177 -0.169 -0.116 -0.202  0.231  0.034  0.080  0.293  0.019  0.161 -0.087  0.026
M2K     0.230 -0.244 -0.145 -0.177  1.000  0.899  0.884  0.852 -0.157 -0.019 -0.096 -0.223  0.167 -0.093  0.084  0.030
MES     0.260 -0.266 -0.143 -0.169  0.899  1.000  0.959  0.953 -0.141  0.045 -0.110 -0.246  0.247 -0.097  0.085  0.105
MNQ     0.212 -0.251 -0.094 -0.116  0.884  0.959  1.000  0.848 -0.154 -0.001 -0.134 -0.233  0.187 -0.102  0.013  0.100
MYM     0.297 -0.269 -0.170 -0.202  0.852  0.953  0.848  1.000 -0.151  0.045 -0.116 -0.272  0.255 -0.116  0.119  0.057
YC     -0.315  0.107  0.270  0.231 -0.157 -0.141 -0.154 -0.151  1.000  0.639  0.632  0.454  0.190  0.473  0.386  0.193
YK      0.009  0.077  0.062  0.034 -0.019  0.045 -0.001  0.045  0.639  1.000  0.337  0.367  0.362  0.432  0.412  0.201
YW     -0.321  0.023  0.112  0.080 -0.096 -0.110 -0.134 -0.116  0.632  0.337  1.000  0.301  0.098  0.326  0.422  0.119
MGC     0.045  0.199  0.302  0.293 -0.223 -0.246 -0.233 -0.272  0.454  0.367  0.301  1.000  0.347  0.817  0.351  0.102
MHG     0.121 -0.063  0.016  0.019  0.167  0.247  0.187  0.255  0.190  0.362  0.098  0.347  1.000  0.505  0.448  0.117
SIL     0.047  0.082  0.169  0.161 -0.093 -0.097 -0.102 -0.116  0.473  0.432  0.326  0.817  0.505  1.000  0.398  0.108
MCL    -0.174 -0.100 -0.066 -0.087  0.084  0.085  0.013  0.119  0.386  0.412  0.422  0.351  0.448  0.398  1.000  0.139
QG     -0.036  0.114  0.044  0.026  0.030  0.105  0.100  0.057  0.193  0.201  0.119  0.102  0.117  0.108  0.139  1.000
SumABS  3.320  4.182  4.159  4.202  5.301  5.726  5.287  5.721  5.492  4.041  4.227  5.551  4.144  4.924  4.284  2.490
---------------- End Correlation Report - Returns ----------------
