---------------- Correlation Report - Account: Uxxxxx30 ----------------
As at: 2022-07-01 15:56:02 (Chicago)
Correlation of Returns - 128 Days
---------------------------------
           E7     J7     ZF     ZN    M2K    MES    MNQ    MYM     YC     YK     YW    MGC    MHG    SIL    MCL     QG
E7      1.000  0.233 -0.009 -0.009  0.291  0.315  0.249  0.368 -0.207  0.111 -0.231  0.095  0.251  0.125 -0.056 -0.027
J7      0.233  1.000  0.495  0.521 -0.129 -0.156 -0.188 -0.129  0.093  0.039  0.098  0.202  0.018  0.115  0.101  0.079
ZF     -0.009  0.495  1.000  0.972  0.051  0.026  0.039  0.025  0.122  0.012  0.069  0.247 -0.009  0.111 -0.023 -0.033
ZN     -0.009  0.521  0.972  1.000  0.036  0.013  0.029  0.009  0.118  0.006  0.053  0.241  0.002  0.107 -0.024 -0.034
M2K     0.291 -0.129  0.051  0.036  1.000  0.918  0.910  0.875 -0.139 -0.050 -0.179 -0.163  0.143 -0.073 -0.041  0.054
MES     0.315 -0.156  0.026  0.013  0.918  1.000  0.966  0.969 -0.131 -0.004 -0.173 -0.183  0.230 -0.057 -0.018  0.102
MNQ     0.249 -0.188  0.039  0.029  0.910  0.966  1.000  0.889 -0.124 -0.027 -0.171 -0.179  0.196 -0.055 -0.073  0.069
MYM     0.368 -0.129  0.025  0.009  0.875  0.969  0.889  1.000 -0.154 -0.006 -0.199 -0.207  0.225 -0.079 -0.006  0.090
YC     -0.207  0.093  0.122  0.118 -0.139 -0.131 -0.124 -0.154  1.000  0.552  0.701  0.441  0.246  0.444  0.397  0.299
YK      0.111  0.039  0.012  0.006 -0.050 -0.004 -0.027 -0.006  0.552  1.000  0.412  0.382  0.482  0.462  0.408  0.210
YW     -0.231  0.098  0.069  0.053 -0.179 -0.173 -0.171 -0.199  0.701  0.412  1.000  0.363  0.124  0.374  0.380  0.231
MGC     0.095  0.202  0.247  0.241 -0.163 -0.183 -0.179 -0.207  0.441  0.382  0.363  1.000  0.415  0.821  0.416  0.154
MHG     0.251  0.018 -0.009  0.002  0.143  0.230  0.196  0.225  0.246  0.482  0.124  0.415  1.000  0.545  0.424  0.201
SIL     0.125  0.115  0.111  0.107 -0.073 -0.057 -0.055 -0.079  0.444  0.462  0.374  0.821  0.545  1.000  0.431  0.201
MCL    -0.056  0.101 -0.023 -0.024 -0.041 -0.018 -0.073 -0.006  0.397  0.408  0.380  0.416  0.424  0.431  1.000  0.248
QG     -0.027  0.079 -0.033 -0.034  0.054  0.102  0.069  0.090  0.299  0.210  0.231  0.154  0.201  0.201  0.248  1.000
SumABS  3.578  3.595  3.243  3.175  5.053  5.262  5.164  5.231  5.168  4.163  4.760  5.506  4.513  5.001  4.048  3.031
---------------- End Correlation Report - Returns ----------------


---------------- Covariance Report - Account: Uxxxxx30 ----------------
As at: 2022-07-01 15:56:02 (Chicago)
Covariance of Returns - 128 Days
---------------------------------
           E7     J7     ZF     ZN     M2K     MES     MNQ    MYM      YC     YK      YW    MGC     MHG     SIL     MCL      QG
E7      0.339  0.083 -0.002 -0.003   0.316   0.294   0.320  0.275  -0.207  0.084  -0.403  0.055   0.239   0.131  -0.092  -0.072
J7      0.083  0.371  0.109  0.160  -0.147  -0.152  -0.252 -0.100   0.097  0.031   0.179  0.121   0.018   0.125   0.172   0.222
ZF     -0.002  0.109  0.128  0.174   0.034   0.014   0.030  0.011   0.074  0.006   0.073  0.086  -0.005   0.070  -0.023  -0.055
ZN     -0.003  0.160  0.174  0.249   0.033   0.010   0.032  0.006   0.100  0.004   0.078  0.117   0.002   0.095  -0.034  -0.079
M2K     0.316 -0.147  0.034  0.033   3.398   2.671   3.654  2.041  -0.434 -0.118  -0.974 -0.295   0.427  -0.237  -0.213   0.459
MES     0.294 -0.152  0.014  0.010   2.671   2.491   3.319  1.934  -0.351 -0.008  -0.810 -0.283   0.587  -0.158  -0.081   0.737
MNQ     0.320 -0.252  0.030  0.032   3.654   3.319   4.744  2.450  -0.457 -0.076  -1.102 -0.380   0.691  -0.212  -0.445   0.693
MYM     0.275 -0.100  0.011  0.006   2.041   1.934   2.450  1.600  -0.330 -0.010  -0.746 -0.256   0.461  -0.177  -0.021   0.524
YC     -0.207  0.097  0.074  0.100  -0.434  -0.351  -0.457 -0.330   2.869  1.202   3.513  0.730   0.674   1.330   1.873   2.322
YK      0.084  0.031  0.006  0.004  -0.118  -0.008  -0.076 -0.010   1.202  1.653   1.569  0.480   1.001   1.051   1.461   1.237
YW     -0.403  0.179  0.073  0.078  -0.974  -0.810  -1.102 -0.746   3.513  1.569   8.753  1.049   0.595   1.960   3.130   3.134
MGC     0.055  0.121  0.086  0.117  -0.295  -0.283  -0.380 -0.256   0.730  0.480   1.049  0.955   0.655   1.419   1.131   0.689
MHG     0.239  0.018 -0.005  0.002   0.427   0.587   0.691  0.461   0.674  1.001   0.595  0.655   2.612   1.559   1.908   1.490
SIL     0.131  0.125  0.070  0.095  -0.237  -0.158  -0.212 -0.177   1.330  1.051   1.960  1.419   1.559   3.129   2.123   1.634
MCL    -0.092  0.172 -0.023 -0.034  -0.213  -0.081  -0.445 -0.021   1.873  1.461   3.130  1.131   1.908   2.123   7.743   3.161
QG     -0.072  0.222 -0.055 -0.079   0.459   0.737   0.693  0.524   2.322  1.237   3.134  0.689   1.490   1.634   3.161  21.062
Sum     1.356  1.036  0.725  0.943  10.616  10.216  13.008  7.660  13.005  9.565  19.997  6.274  12.913  13.842  21.794  37.158
Weight  0.065  0.065  0.095  0.095   0.060   0.060   0.060  0.060   0.050  0.050   0.050  0.050   0.050   0.050   0.070   0.070
Vol     0.088  0.067  0.069  0.090   0.637   0.613   0.781  0.460   0.650  0.478   1.000  0.314   0.646   0.692   1.526   2.601

Theoretical portfolio volatility (when fully weighted): 10.71
---------------- End Covariance Report - Returns ----------------
