---------------- Correlation Report - Account: Uxxxxx30 ----------------
As at: 2022-07-29 15:56:02 (Chicago)
Correlation of Returns - 128 Days
---------------------------------
           E7     J7     ZF     ZN    M2K    MES    MNQ    MYM     YC     YK     YW    MGC    MHG    SIL    MCL     QG
E7      1.000  0.209 -0.048 -0.052  0.300  0.331  0.256  0.382 -0.138  0.146 -0.168  0.112  0.272  0.115  0.057 -0.041
J7      0.209  1.000  0.504  0.517 -0.093 -0.109 -0.157 -0.074  0.036  0.072  0.099  0.258  0.087  0.220  0.081  0.046
ZF     -0.048  0.504  1.000  0.977 -0.005 -0.000  0.014 -0.007 -0.011 -0.035 -0.010  0.255 -0.033  0.150 -0.080 -0.058
ZN     -0.052  0.517  0.977  1.000  0.001 -0.003  0.013 -0.013 -0.012 -0.049 -0.034  0.244 -0.031  0.145 -0.088 -0.056
M2K     0.300 -0.093 -0.005  0.001  1.000  0.926  0.915  0.889 -0.122 -0.036 -0.139 -0.171  0.201  0.006 -0.005  0.047
MES     0.331 -0.109 -0.000 -0.003  0.926  1.000  0.964  0.972 -0.110 -0.002 -0.149 -0.171  0.258  0.008  0.013  0.063
MNQ     0.256 -0.157  0.014  0.013  0.915  0.964  1.000  0.893 -0.115 -0.046 -0.151 -0.188  0.214 -0.015 -0.055  0.025
MYM     0.382 -0.074 -0.007 -0.013  0.889  0.972  0.893  1.000 -0.121  0.004 -0.174 -0.193  0.249 -0.008  0.034  0.067
YC     -0.138  0.036 -0.011 -0.012 -0.122 -0.110 -0.115 -0.121  1.000  0.659  0.684  0.347  0.309  0.393  0.421  0.296
YK      0.146  0.072 -0.035 -0.049 -0.036 -0.002 -0.046  0.004  0.659  1.000  0.478  0.402  0.575  0.488  0.509  0.262
YW     -0.168  0.099 -0.010 -0.034 -0.139 -0.149 -0.151 -0.174  0.684  0.478  1.000  0.335  0.218  0.381  0.434  0.235
MGC     0.112  0.258  0.255  0.244 -0.171 -0.171 -0.188 -0.193  0.347  0.402  0.335  1.000  0.424  0.800  0.423  0.149
MHG     0.272  0.087 -0.033 -0.031  0.201  0.258  0.214  0.249  0.309  0.575  0.218  0.424  1.000  0.523  0.502  0.340
SIL     0.115  0.220  0.150  0.145  0.006  0.008 -0.015 -0.008  0.393  0.488  0.381  0.800  0.523  1.000  0.407  0.223
MCL     0.057  0.081 -0.080 -0.088 -0.005  0.013 -0.055  0.034  0.421  0.509  0.434  0.423  0.502  0.407  1.000  0.297
QG     -0.041  0.046 -0.058 -0.056  0.047  0.063  0.025  0.067  0.296  0.262  0.235  0.149  0.340  0.223  0.297  1.000
SumABS  3.628  3.562  3.188  3.235  4.857  5.078  5.022  5.082  4.775  4.765  4.688  5.472  5.236  4.882  4.407  3.206
---------------- End Correlation Report - Returns ----------------


---------------- Covariance Report - Account: Uxxxxx30 ----------------
As at: 2022-07-29 15:56:02 (Chicago)
Covariance of Returns (Position Weighted) - 128 Days
----------------------------------------------------
        E7     J7     ZF   ZN    M2K  MES  MNQ  MYM      YC   YK     YW    MGC     MHG    SIL    MCL   QG
E7   0.369  0.081 -0.011  0.0  0.326  0.0  0.0  0.0  -0.324  0.0 -0.319  0.195   0.579  0.125  0.104  0.0
J7   0.081  0.403  0.117  0.0 -0.105  0.0  0.0  0.0   0.087  0.0  0.197  0.469   0.194  0.250  0.156  0.0
ZF  -0.011  0.117  0.134  0.0 -0.003  0.0  0.0  0.0  -0.015  0.0 -0.011  0.267  -0.043  0.098 -0.088  0.0
ZN   0.000  0.000  0.000  0.0  0.000  0.0  0.0  0.0   0.000  0.0  0.000  0.000   0.000  0.000  0.000  0.0
M2K  0.326 -0.105 -0.003  0.0  3.202  0.0  0.0  0.0  -0.844  0.0 -0.776 -0.876   1.263  0.019 -0.028  0.0
MES  0.000  0.000  0.000  0.0  0.000  0.0  0.0  0.0   0.000  0.0  0.000  0.000   0.000  0.000  0.000  0.0
MNQ  0.000  0.000  0.000  0.0  0.000  0.0  0.0  0.0   0.000  0.0  0.000  0.000   0.000  0.000  0.000  0.0
MYM  0.000  0.000  0.000  0.0  0.000  0.0  0.0  0.0   0.000  0.0  0.000  0.000   0.000  0.000  0.000  0.0
YC  -0.324  0.087 -0.015  0.0 -0.844  0.0  0.0  0.0  14.880  0.0  8.245  3.826   4.187  2.715  4.905  0.0
YK   0.000  0.000  0.000  0.0  0.000  0.0  0.0  0.0   0.000  0.0  0.000  0.000   0.000  0.000  0.000  0.0
YW  -0.319  0.197 -0.011  0.0 -0.776  0.0  0.0  0.0   8.245  0.0  9.757  2.991   2.384  2.131  4.088  0.0
MGC  0.195  0.469  0.267  0.0 -0.876  0.0  0.0  0.0   3.826  0.0  2.991  8.190   4.261  4.100  3.656  0.0
MHG  0.579  0.194 -0.043  0.0  1.263  0.0  0.0  0.0   4.187  0.0  2.384  4.261  12.315  3.284  5.312  0.0
SIL  0.125  0.250  0.098  0.0  0.019  0.0  0.0  0.0   2.715  0.0  2.131  4.100   3.284  3.207  2.197  0.0
MCL  0.104  0.156 -0.088  0.0 -0.028  0.0  0.0  0.0   4.905  0.0  4.088  3.656   5.312  2.197  9.104  0.0
QG   0.000  0.000  0.000  0.0  0.000  0.0  0.0  0.0   0.000  0.0  0.000  0.000   0.000  0.000  0.000  0.0

Sum of Covariance Matrix: 180.29
Portfolio volatility: 13.43
(Square root of sum of Covariance matrix)
---------------- End Covariance Report - Returns ----------------
