---------------- Correlation Report - Account: Uxxxxx30 ----------------
As at: 2022-07-15 15:56:02 (Chicago)
Correlation of Returns - 128 Days
---------------------------------
           E7     J7     ZF     ZN    M2K    MES    MNQ    MYM     YC     YK     YW    MGC    MHG    SIL    MCL     QG
E7      1.000  0.232 -0.032 -0.041  0.309  0.315  0.244  0.366 -0.135  0.154 -0.157  0.142  0.268  0.147  0.018 -0.023
J7      0.232  1.000  0.490  0.503 -0.098 -0.143 -0.182 -0.106  0.063  0.026  0.122  0.231  0.026  0.147  0.095  0.050
ZF     -0.032  0.490  1.000  0.974  0.030  0.002  0.018  0.000  0.044 -0.057  0.014  0.221 -0.084  0.083 -0.068 -0.044
ZN     -0.041  0.503  0.974  1.000  0.022 -0.008  0.011 -0.012  0.040 -0.068 -0.007  0.209 -0.077  0.080 -0.075 -0.043
M2K     0.309 -0.098  0.030  0.022  1.000  0.919  0.911  0.879 -0.138 -0.027 -0.154 -0.143  0.172 -0.041 -0.031  0.092
MES     0.315 -0.143  0.002 -0.008  0.919  1.000  0.965  0.971 -0.113  0.018 -0.152 -0.187  0.234 -0.046 -0.003  0.123
MNQ     0.244 -0.182  0.018  0.011  0.911  0.965  1.000  0.892 -0.116 -0.018 -0.156 -0.191  0.193 -0.055 -0.075  0.077
MYM     0.366 -0.106  0.000 -0.012  0.879  0.971  0.892  1.000 -0.131  0.021 -0.177 -0.209  0.231 -0.065  0.021  0.126
YC     -0.135  0.063  0.044  0.040 -0.138 -0.113 -0.116 -0.131  1.000  0.633  0.709  0.429  0.315  0.427  0.477  0.310
YK      0.154  0.026 -0.057 -0.068 -0.027  0.018 -0.018  0.021  0.633  1.000  0.471  0.408  0.555  0.471  0.519  0.274
YW     -0.157  0.122  0.014 -0.007 -0.154 -0.152 -0.156 -0.177  0.709  0.471  1.000  0.382  0.208  0.383  0.436  0.227
MGC     0.142  0.231  0.221  0.209 -0.143 -0.187 -0.191 -0.209  0.429  0.408  0.382  1.000  0.436  0.803  0.447  0.155
MHG     0.268  0.026 -0.084 -0.077  0.172  0.234  0.193  0.231  0.315  0.555  0.208  0.436  1.000  0.547  0.507  0.278
SIL     0.147  0.147  0.083  0.080 -0.041 -0.046 -0.055 -0.065  0.427  0.471  0.383  0.803  0.547  1.000  0.448  0.213
MCL     0.018  0.095 -0.068 -0.075 -0.031 -0.003 -0.075  0.021  0.477  0.519  0.436  0.447  0.507  0.448  1.000  0.296
QG     -0.023  0.050 -0.044 -0.043  0.092  0.123  0.077  0.126  0.310  0.274  0.227  0.155  0.278  0.213  0.296  1.000
SumABS  3.584  3.513  3.159  3.168  4.964  5.199  5.103  5.208  5.080  4.721  4.756  5.592  5.133  4.955  4.515  3.330
---------------- End Correlation Report - Returns ----------------


---------------- Covariance Report - Account: Uxxxxx30 ----------------
As at: 2022-07-15 15:56:02 (Chicago)
Covariance of Returns - 128 Days
---------------------------------
        E7     J7     ZF     ZN    M2K    MES    MNQ    MYM     YC     YK     YW    MGC    MHG    SIL    MCL      QG
E7   0.361  0.085 -0.007 -0.013  0.348  0.303  0.322  0.285 -0.155  0.137 -0.296  0.086  0.287  0.161  0.033  -0.070
J7   0.085  0.368  0.109  0.158 -0.111 -0.139 -0.244 -0.083  0.073  0.024  0.233  0.141  0.028  0.163  0.175   0.150
ZF  -0.007  0.109  0.132  0.181  0.020  0.001  0.014  0.000  0.030 -0.030  0.015  0.080 -0.054  0.054 -0.074  -0.078
ZN  -0.013  0.158  0.181  0.261  0.021 -0.006  0.012 -0.008  0.038 -0.051 -0.011  0.106 -0.070  0.073 -0.115  -0.107
M2K  0.348 -0.111  0.020  0.021  3.427  2.696  3.669  2.083 -0.481 -0.073 -0.885 -0.262  0.562 -0.138 -0.173   0.831
MES  0.303 -0.139  0.001 -0.006  2.696  2.513  3.327  1.971 -0.336  0.043 -0.750 -0.294  0.654 -0.133 -0.014   0.957
MNQ  0.322 -0.244  0.014  0.012  3.669  3.327  4.732  2.485 -0.474 -0.057 -1.052 -0.412  0.740 -0.216 -0.486   0.821
MYM  0.285 -0.083  0.000 -0.008  2.083  1.971  2.485  1.640 -0.317  0.040 -0.704 -0.266  0.521 -0.151  0.080   0.789
YC  -0.155  0.073  0.030  0.038 -0.481 -0.336 -0.474 -0.317  3.545  1.750  4.142  0.802  1.046  1.451  2.696   2.864
YK   0.137  0.024 -0.030 -0.051 -0.073  0.043 -0.057  0.040  1.750  2.152  2.145  0.595  1.434  1.248  2.285   1.969
YW  -0.296  0.233  0.015 -0.011 -0.885 -0.750 -1.052 -0.704  4.142  2.145  9.629  1.178  1.137  2.145  4.063   3.450
MGC  0.086  0.141  0.080  0.106 -0.262 -0.294 -0.412 -0.266  0.802  0.595  1.178  0.987  0.762  1.439  1.332   0.756
MHG  0.287  0.028 -0.054 -0.070  0.562  0.654  0.740  0.521  1.046  1.434  1.137  0.762  3.102  1.740  2.683   2.400
SIL  0.161  0.163  0.054  0.073 -0.138 -0.133 -0.216 -0.151  1.451  1.248  2.145  1.439  1.740  3.259  2.426   1.881
MCL  0.033  0.175 -0.074 -0.115 -0.173 -0.014 -0.486  0.080  2.696  2.285  4.063  1.332  2.683  2.426  9.007   4.355
QG  -0.070  0.150 -0.078 -0.107  0.831  0.957  0.821  0.789  2.864  1.969  3.450  0.756  2.400  1.881  4.355  24.032
---------------- End Covariance Report - Returns ----------------
