---------------- Correlation Report - Account: Uxxxxx30 ----------------
As at: 2022-07-22 15:56:02 (Chicago)
Correlation of Returns - 128 Days
---------------------------------
           E7     J7     ZF     ZN    M2K    MES    MNQ    MYM     YC     YK     YW    MGC    MHG    SIL    MCL     QG
E7      1.000  0.233 -0.042 -0.051  0.316  0.321  0.248  0.374 -0.124  0.153 -0.147  0.148  0.271  0.163  0.038 -0.035
J7      0.233  1.000  0.502  0.512 -0.099 -0.135 -0.177 -0.098  0.008  0.026  0.084  0.231  0.041  0.142  0.085  0.073
ZF     -0.042  0.502  1.000  0.975 -0.007 -0.009  0.007 -0.014 -0.030 -0.067 -0.018  0.238 -0.069  0.109 -0.088 -0.040
ZN     -0.051  0.512  0.975  1.000 -0.007 -0.014  0.002 -0.021 -0.033 -0.082 -0.047  0.219 -0.073  0.091 -0.097 -0.037
M2K     0.316 -0.099 -0.007 -0.007  1.000  0.922  0.915  0.880 -0.123 -0.056 -0.133 -0.152  0.179  0.004 -0.015  0.065
MES     0.321 -0.135 -0.009 -0.014  0.922  1.000  0.964  0.971 -0.111 -0.019 -0.143 -0.186  0.219 -0.026 -0.004  0.096
MNQ     0.248 -0.177  0.007  0.002  0.915  0.964  1.000  0.890 -0.105 -0.056 -0.141 -0.195  0.181 -0.036 -0.074  0.060
MYM     0.374 -0.098 -0.014 -0.021  0.880  0.971  0.890  1.000 -0.128 -0.010 -0.170 -0.206  0.216 -0.044  0.022  0.093
YC     -0.124  0.008 -0.030 -0.033 -0.123 -0.111 -0.105 -0.128  1.000  0.642  0.676  0.347  0.304  0.392  0.440  0.299
YK      0.153  0.026 -0.067 -0.082 -0.056 -0.019 -0.056 -0.010  0.642  1.000  0.463  0.382  0.549  0.456  0.529  0.285
YW     -0.147  0.084 -0.018 -0.047 -0.133 -0.143 -0.141 -0.170  0.676  0.463  1.000  0.340  0.219  0.383  0.451  0.224
MGC     0.148  0.231  0.238  0.219 -0.152 -0.186 -0.195 -0.206  0.347  0.382  0.340  1.000  0.416  0.805  0.432  0.151
MHG     0.271  0.041 -0.069 -0.073  0.179  0.219  0.181  0.216  0.304  0.549  0.219  0.416  1.000  0.532  0.511  0.334
SIL     0.163  0.142  0.109  0.091  0.004 -0.026 -0.036 -0.044  0.392  0.456  0.383  0.805  0.532  1.000  0.449  0.246
MCL     0.038  0.085 -0.088 -0.097 -0.015 -0.004 -0.074  0.022  0.440  0.529  0.451  0.432  0.511  0.449  1.000  0.297
QG     -0.035  0.073 -0.040 -0.037  0.065  0.096  0.060  0.093  0.299  0.285  0.224  0.151  0.334  0.246  0.297  1.000
SumABS  3.662  3.445  3.214  3.260  4.874  5.139  5.051  5.139  4.761  4.774  4.640  5.447  5.114  4.876  4.531  3.333
---------------- End Correlation Report - Returns ----------------


---------------- Covariance Report - Account: Uxxxxx30 ----------------
As at: 2022-07-22 15:56:02 (Chicago)
Covariance of Returns (Position Weighted) - 128 Days
----------------------------------------------------
        E7     J7   ZF   ZN    M2K    MES  MNQ    MYM      YC     YK      YW    MGC     MHG    SIL    MCL   QG
E7   0.370  0.087  0.0  0.0  0.349  0.306  0.0  0.288  -0.425  0.138  -0.278  0.259   0.573  0.170  0.069  0.0
J7   0.087  0.380  0.0  0.0 -0.111 -0.131  0.0 -0.077   0.028  0.024   0.161  0.411   0.087  0.151  0.157  0.0
ZF   0.000  0.000  0.0  0.0  0.000  0.000  0.0  0.000   0.000  0.000   0.000  0.000   0.000  0.000  0.000  0.0
ZN   0.000  0.000  0.0  0.0  0.000  0.000  0.0  0.000   0.000  0.000   0.000  0.000   0.000  0.000  0.000  0.0
M2K  0.349 -0.111  0.0  0.0  3.308  2.631  0.0  2.028  -1.260 -0.151  -0.757 -0.795   1.132  0.014 -0.081  0.0
MES  0.306 -0.131  0.0  0.0  2.631  2.459  0.0  1.928  -0.980 -0.044  -0.699 -0.838   1.193 -0.071 -0.019  0.0
MNQ  0.000  0.000  0.0  0.0  0.000  0.000  0.0  0.000   0.000  0.000   0.000  0.000   0.000  0.000  0.000  0.0
MYM  0.288 -0.077  0.0  0.0  2.028  1.928  0.0  1.605  -0.916 -0.019  -0.672 -0.750   0.951 -0.097  0.085  0.0
YC  -0.425  0.028  0.0  0.0 -1.260 -0.980  0.0 -0.916  31.838  5.378  11.897  5.650   5.967  3.805  7.452  0.0
YK   0.138  0.024  0.0  0.0 -0.151 -0.044  0.0 -0.019   5.378  2.206   2.143  1.637   2.834  1.166  2.358  0.0
YW  -0.278  0.161  0.0  0.0 -0.757 -0.699  0.0 -0.672  11.897  2.143   9.714  3.051   2.374  2.055  4.226  0.0
MGC  0.259  0.411  0.0  0.0 -0.795 -0.838  0.0 -0.750   5.650  1.637   3.051  8.304   4.163  3.993  3.742  0.0
MHG  0.573  0.087  0.0  0.0  1.132  1.193  0.0  0.951   5.967  2.834   2.374  4.163  12.084  3.182  5.338  0.0
SIL  0.170  0.151  0.0  0.0  0.014 -0.071  0.0 -0.097   3.805  1.166   2.055  3.993   3.182  2.965  2.320  0.0
MCL  0.069  0.157  0.0  0.0 -0.081 -0.019  0.0  0.085   7.452  2.358   4.226  3.742   5.338  2.320  9.022  0.0
QG   0.000  0.000  0.0  0.0  0.000  0.000  0.0  0.000   0.000  0.000   0.000  0.000   0.000  0.000  0.000  0.0

Sum of Covariance Matrix: 261.82
Portfolio volatility: 16.18
(Square root of sum of Covariance matrix)
---------------- End Covariance Report - Returns ----------------
