---------------- Correlation Report - Account: Uxxxxx30 ----------------

As at: 2022-06-15 15:56:02 (Chicago)


Correlation of Returns - 128 Days

           E7     J7     ZF     ZN    M2K    MES    MNQ    MYM     YC     YK     YW    MGC    MHG    SIL    MCL     QG
E7      1.000  0.187 -0.005  0.016  0.342  0.376  0.297  0.432 -0.249  0.084 -0.252  0.096  0.292  0.121 -0.098 -0.031
J7      0.187  1.000  0.532  0.563 -0.086 -0.126 -0.160 -0.097  0.109  0.137  0.075  0.213  0.099  0.152  0.064  0.108
ZF     -0.005  0.532  1.000  0.958  0.084  0.049  0.061  0.046  0.279  0.187  0.121  0.283  0.128  0.210  0.041  0.062
ZN      0.016  0.563  0.958  1.000  0.063  0.039  0.048  0.031  0.250  0.158  0.099  0.300  0.155  0.230  0.043  0.051
M2K     0.342 -0.086  0.084  0.063  1.000  0.909  0.907  0.860 -0.108  0.056 -0.087 -0.139  0.177 -0.049 -0.019  0.069
MES     0.376 -0.126  0.049  0.039  0.909  1.000  0.963  0.964 -0.087  0.109 -0.076 -0.161  0.280 -0.035  0.002  0.133
MNQ     0.297 -0.160  0.061  0.048  0.907  0.963  1.000  0.877 -0.087  0.079 -0.090 -0.167  0.235 -0.048 -0.043  0.104
MYM     0.432 -0.097  0.046  0.031  0.860  0.964  0.877  1.000 -0.121  0.088 -0.098 -0.183  0.273 -0.053  0.012  0.111
YC     -0.249  0.109  0.279  0.250 -0.108 -0.087 -0.087 -0.121  1.000  0.580  0.646  0.449  0.192  0.471  0.391  0.184
YK      0.084  0.137  0.187  0.158  0.056  0.109  0.079  0.088  0.580  1.000  0.308  0.412  0.424  0.462  0.421  0.180
YW     -0.252  0.075  0.121  0.099 -0.087 -0.076 -0.090 -0.098  0.646  0.308  1.000  0.298  0.078  0.311  0.393  0.173
MGC     0.096  0.213  0.283  0.300 -0.139 -0.161 -0.167 -0.183  0.449  0.412  0.298  1.000  0.450  0.839  0.390  0.108
MHG     0.292  0.099  0.128  0.155  0.177  0.280  0.235  0.273  0.192  0.424  0.078  0.450  1.000  0.548  0.385  0.138
SIL     0.121  0.152  0.210  0.230 -0.049 -0.035 -0.048 -0.053  0.471  0.462  0.311  0.839  0.548  1.000  0.403  0.149
MCL    -0.098  0.064  0.041  0.043 -0.019  0.002 -0.043  0.012  0.391  0.421  0.393  0.390  0.385  0.403  1.000  0.158
QG     -0.031  0.108  0.062  0.051  0.069  0.133  0.104  0.111  0.184  0.180  0.173  0.108  0.138  0.149  0.158  1.000
SumABS  3.878  3.708  4.046  4.004  4.955  5.309  5.166  5.246  5.203  4.686  4.104  5.487  4.854  5.080  3.863  2.759
---------------- End Correlation Report - Returns ----------------
