---------------- Correlation Report - Account: Uxxxxx30 ----------------

As at: 2022-06-06 16:26:02 (Chicago)


Correlation of Returns - 128 Days

           E7     J7     ZF     ZN    M2K    MES    MNQ    MYM     YC     YK     YW    MGC    MHG    SIL    MCL     QG
E7      1.000  0.193 -0.100 -0.067  0.304  0.327  0.255  0.387 -0.266  0.068 -0.259  0.081  0.264  0.093 -0.098 -0.040
J7      0.193  1.000  0.555  0.587 -0.117 -0.157 -0.189 -0.122  0.124  0.168  0.073  0.211  0.102  0.121  0.090  0.047
ZF     -0.100  0.555  1.000  0.952 -0.031 -0.076 -0.048 -0.082  0.281  0.146  0.129  0.247  0.072  0.143  0.056 -0.028
ZN     -0.067  0.587  0.952  1.000 -0.049 -0.078 -0.054 -0.088  0.245  0.114  0.104  0.259  0.107  0.165  0.055 -0.048
M2K     0.304 -0.117 -0.031 -0.049  1.000  0.903  0.906  0.843 -0.130  0.007 -0.092 -0.195  0.136 -0.102 -0.003  0.051
MES     0.327 -0.157 -0.076 -0.078  0.903  1.000  0.965  0.959 -0.107  0.068 -0.088 -0.215  0.224 -0.092  0.010  0.122
MNQ     0.255 -0.189 -0.048 -0.054  0.906  0.965  1.000  0.870 -0.107  0.045 -0.100 -0.212  0.188 -0.097 -0.023  0.104
MYM     0.387 -0.122 -0.082 -0.088  0.843  0.959  0.870  1.000 -0.141  0.048 -0.115 -0.240  0.211 -0.116  0.004  0.092
YC     -0.266  0.124  0.281  0.245 -0.130 -0.107 -0.107 -0.141  1.000  0.576  0.656  0.448  0.194  0.471  0.396  0.195
YK      0.068  0.168  0.146  0.114  0.007  0.068  0.045  0.048  0.576  1.000  0.309  0.400  0.412  0.451  0.424  0.168
YW     -0.259  0.073  0.129  0.104 -0.092 -0.088 -0.100 -0.115  0.656  0.309  1.000  0.314  0.082  0.331  0.399  0.159
MGC     0.081  0.211  0.247  0.259 -0.195 -0.215 -0.212 -0.240  0.448  0.400  0.314  1.000  0.455  0.837  0.423  0.072
MHG     0.264  0.102  0.072  0.107  0.136  0.224  0.188  0.211  0.194  0.412  0.082  0.455  1.000  0.549  0.378  0.113
SIL     0.093  0.121  0.143  0.165 -0.102 -0.092 -0.097 -0.116  0.471  0.451  0.331  0.837  0.549  1.000  0.440  0.115
MCL    -0.098  0.090  0.056  0.055 -0.003  0.010 -0.023  0.004  0.396  0.424  0.399  0.423  0.378  0.440  1.000  0.161
QG     -0.040  0.047 -0.028 -0.048  0.051  0.122  0.104  0.092  0.195  0.168  0.159  0.072  0.113  0.115  0.161  1.000
SumABS  3.801  3.855  3.948  3.972  4.870  5.391  5.165  5.318  5.336  4.404  4.210  5.609  4.487  5.123  3.960  2.515
---------------- End Correlation Report - Returns ----------------
