---------------- Correlation Report - Account: Uxxxxx30 ----------------

As at: 2022-06-17 15:56:02 (Chicago)


Correlation of Returns - 128 Days

           E7     J7     ZF     ZN    M2K    MES    MNQ    MYM     YC     YK     YW    MGC    MHG    SIL    MCL     QG
E7      1.000  0.246  0.008  0.024  0.280  0.312  0.244  0.366 -0.222  0.099 -0.217  0.115  0.267  0.127 -0.069 -0.021
J7      0.246  1.000  0.490  0.506 -0.150 -0.175 -0.210 -0.142  0.132  0.152  0.125  0.222  0.096  0.157  0.130  0.138
ZF      0.008  0.490  1.000  0.957  0.050  0.020  0.035  0.018  0.288  0.196  0.123  0.278  0.108  0.201  0.041  0.044
ZN      0.024  0.506  0.957  1.000  0.032  0.011  0.024  0.004  0.256  0.165  0.097  0.294  0.130  0.218  0.036  0.029
M2K     0.280 -0.150  0.050  0.032  1.000  0.918  0.910  0.877 -0.124  0.044 -0.104 -0.166  0.197 -0.064 -0.033  0.057
MES     0.312 -0.175  0.020  0.011  0.918  1.000  0.966  0.967 -0.101  0.101 -0.090 -0.188  0.291 -0.054 -0.017  0.118
MNQ     0.244 -0.210  0.035  0.024  0.910  0.966  1.000  0.886 -0.099  0.073 -0.106 -0.186  0.250 -0.057 -0.063  0.084
MYM     0.366 -0.142  0.018  0.004  0.877  0.967  0.886  1.000 -0.136  0.082 -0.111 -0.213  0.279 -0.078 -0.008  0.099
YC     -0.222  0.132  0.288  0.256 -0.124 -0.101 -0.099 -0.136  1.000  0.582  0.647  0.457  0.184  0.484  0.392  0.188
YK      0.099  0.152  0.196  0.165  0.044  0.101  0.073  0.082  0.582  1.000  0.312  0.420  0.422  0.475  0.426  0.189
YW     -0.217  0.125  0.123  0.097 -0.104 -0.090 -0.106 -0.111  0.647  0.312  1.000  0.308  0.082  0.324  0.408  0.189
MGC     0.115  0.222  0.278  0.294 -0.166 -0.188 -0.186 -0.213  0.457  0.420  0.308  1.000  0.420  0.833  0.406  0.115
MHG     0.267  0.096  0.108  0.130  0.197  0.291  0.250  0.279  0.184  0.422  0.082  0.420  1.000  0.524  0.394  0.159
SIL     0.127  0.157  0.201  0.218 -0.064 -0.054 -0.057 -0.078  0.484  0.475  0.324  0.833  0.524  1.000  0.421  0.161
MCL    -0.069  0.130  0.041  0.036 -0.033 -0.017 -0.063 -0.008  0.392  0.426  0.408  0.406  0.394  0.421  1.000  0.180
QG     -0.021  0.138  0.044  0.029  0.057  0.118  0.084  0.099  0.188  0.189  0.189  0.115  0.159  0.161  0.180  1.000
SumABS  3.616  4.072  3.857  3.783  5.006  5.329  5.194  5.267  5.292  4.739  4.244  5.623  4.804  5.177  4.026  2.773
---------------- End Correlation Report - Returns ----------------
