---------------- Correlation Report - Account: Uxxxxx30 ----------------

As at: 2022-06-16 15:56:02 (Chicago)


Correlation of Returns - 128 Days

           E7     J7     ZF     ZN    M2K    MES    MNQ    MYM     YC     YK     YW    MGC    MHG    SIL    MCL     QG
E7      1.000  0.217  0.022  0.044  0.284  0.323  0.258  0.378 -0.231  0.091 -0.233  0.109  0.258  0.120 -0.089 -0.033
J7      0.217  1.000  0.544  0.575 -0.141 -0.174 -0.197 -0.145  0.124  0.145  0.092  0.223  0.058  0.147  0.071  0.100
ZF      0.022  0.544  1.000  0.959  0.031  0.004  0.020  0.004  0.291  0.199  0.135  0.291  0.108  0.211  0.050  0.051
ZN      0.044  0.575  0.959  1.000  0.009 -0.007  0.005 -0.012  0.262  0.170  0.114  0.310  0.134  0.231  0.053  0.040
M2K     0.284 -0.141  0.031  0.009  1.000  0.913  0.908  0.868 -0.121  0.048 -0.100 -0.169  0.208 -0.064 -0.024  0.063
MES     0.323 -0.174  0.004 -0.007  0.913  1.000  0.966  0.966 -0.099  0.101 -0.089 -0.193  0.299 -0.056 -0.004  0.127
MNQ     0.258 -0.197  0.020  0.005  0.908  0.966  1.000  0.885 -0.096  0.076 -0.099 -0.188  0.264 -0.055 -0.046  0.097
MYM     0.378 -0.145  0.004 -0.012  0.868  0.966  0.885  1.000 -0.134  0.079 -0.111 -0.220  0.285 -0.081  0.006  0.107
YC     -0.231  0.124  0.291  0.262 -0.121 -0.099 -0.096 -0.134  1.000  0.581  0.648  0.455  0.180  0.483  0.390  0.184
YK      0.091  0.145  0.199  0.170  0.048  0.101  0.076  0.079  0.581  1.000  0.309  0.418  0.419  0.474  0.421  0.183
YW     -0.233  0.092  0.135  0.114 -0.100 -0.089 -0.099 -0.111  0.648  0.309  1.000  0.307  0.066  0.320  0.393  0.174
MGC     0.109  0.223  0.291  0.310 -0.169 -0.193 -0.188 -0.220  0.455  0.418  0.307  1.000  0.412  0.833  0.398  0.107
MHG     0.258  0.058  0.108  0.134  0.208  0.299  0.264  0.285  0.180  0.419  0.066  0.412  1.000  0.519  0.381  0.144
SIL     0.120  0.147  0.211  0.231 -0.064 -0.056 -0.055 -0.081  0.483  0.474  0.320  0.833  0.519  1.000  0.414  0.153
MCL    -0.089  0.071  0.050  0.053 -0.024 -0.004 -0.046  0.006  0.390  0.421  0.393  0.398  0.381  0.414  1.000  0.162
QG     -0.033  0.100  0.051  0.040  0.063  0.127  0.097  0.107  0.184  0.183  0.174  0.107  0.144  0.153  0.162  1.000
SumABS  3.691  3.954  3.921  3.925  4.949  5.322  5.159  5.281  5.280  4.715  4.192  5.633  4.737  5.160  3.900  2.725
---------------- End Correlation Report - Returns ----------------
