---------------- Correlation Report - Account: Uxxxxx30 ----------------

As at: 2022-06-08 15:56:02 (Chicago)


Correlation of Returns - 128 Days

           E7     J7     ZF     ZN    M2K    MES    MNQ    MYM     YC     YK     YW    MGC    MHG    SIL    MCL     QG
E7      1.000  0.184 -0.097 -0.063  0.304  0.331  0.259  0.392 -0.262  0.065 -0.257  0.084  0.258  0.097 -0.097 -0.049
J7      0.184  1.000  0.546  0.577 -0.107 -0.146 -0.185 -0.112  0.107  0.151  0.074  0.203  0.098  0.123  0.074  0.079
ZF     -0.097  0.546  1.000  0.952 -0.019 -0.068 -0.043 -0.073  0.284  0.151  0.122  0.249  0.072  0.146  0.053 -0.022
ZN     -0.063  0.577  0.952  1.000 -0.034 -0.067 -0.047 -0.077  0.250  0.119  0.096  0.261  0.105  0.168  0.051 -0.039
M2K     0.304 -0.107 -0.019 -0.034  1.000  0.902  0.903  0.843 -0.125  0.020 -0.096 -0.195  0.132 -0.105 -0.019  0.057
MES     0.331 -0.146 -0.068 -0.067  0.902  1.000  0.964  0.959 -0.105  0.080 -0.092 -0.217  0.222 -0.097 -0.005  0.126
MNQ     0.259 -0.185 -0.043 -0.047  0.903  0.964  1.000  0.868 -0.105  0.057 -0.103 -0.216  0.187 -0.104 -0.038  0.103
MYM     0.392 -0.112 -0.073 -0.077  0.843  0.959  0.868  1.000 -0.139  0.059 -0.119 -0.242  0.210 -0.120 -0.010  0.096
YC     -0.262  0.107  0.284  0.250 -0.125 -0.105 -0.105 -0.139  1.000  0.585  0.645  0.449  0.194  0.469  0.397  0.182
YK      0.065  0.151  0.151  0.119  0.020  0.080  0.057  0.059  0.585  1.000  0.307  0.404  0.409  0.457  0.431  0.162
YW     -0.257  0.074  0.122  0.096 -0.096 -0.092 -0.103 -0.119  0.645  0.307  1.000  0.310  0.086  0.328  0.401  0.159
MGC     0.084  0.203  0.249  0.261 -0.195 -0.217 -0.216 -0.242  0.449  0.404  0.310  1.000  0.456  0.837  0.422  0.067
MHG     0.258  0.098  0.072  0.105  0.132  0.222  0.187  0.210  0.194  0.409  0.086  0.456  1.000  0.553  0.378  0.109
SIL     0.097  0.123  0.146  0.168 -0.105 -0.097 -0.104 -0.120  0.469  0.457  0.328  0.837  0.553  1.000  0.436  0.116
MCL    -0.097  0.074  0.053  0.051 -0.019 -0.005 -0.038 -0.010  0.397  0.431  0.401  0.422  0.378  0.436  1.000  0.147
QG     -0.049  0.079 -0.022 -0.039  0.057  0.126  0.103  0.096  0.182  0.162  0.159  0.067  0.109  0.116  0.147  1.000
SumABS  3.800  3.764  3.896  3.907  4.862  5.383  5.183  5.318  5.297  4.455  4.193  5.611  4.470  5.155  3.958  2.514
---------------- End Correlation Report - Returns ----------------
