---------------- Correlation Report - Account: Uxxxxx30 ----------------

As at: 2022-06-22 15:56:02 (Chicago)


Correlation of Returns - 128 Days

           E7     J7     ZF     ZN    M2K    MES    MNQ    MYM     YC     YK     YW    MGC    MHG    SIL    MCL     QG
E7      1.000  0.243  0.020  0.034  0.284  0.315  0.246  0.372 -0.228  0.102 -0.238  0.113  0.254  0.120 -0.073 -0.023
J7      0.243  1.000  0.486  0.507 -0.154 -0.183 -0.215 -0.151  0.199  0.135  0.154  0.221  0.085  0.148  0.127  0.152
ZF      0.020  0.486  1.000  0.959  0.051  0.021  0.037  0.019  0.251  0.135  0.146  0.273  0.070  0.174  0.009  0.043
ZN      0.034  0.507  0.959  1.000  0.028  0.005  0.020 -0.004  0.237  0.103  0.123  0.288  0.089  0.188  0.004  0.032
M2K     0.284 -0.154  0.051  0.028  1.000  0.916  0.911  0.873 -0.148  0.004 -0.162 -0.172  0.184 -0.079 -0.052  0.057
MES     0.315 -0.183  0.021  0.005  0.916  1.000  0.965  0.967 -0.152  0.052 -0.160 -0.193  0.279 -0.064 -0.029  0.115
MNQ     0.246 -0.215  0.037  0.020  0.911  0.965  1.000  0.886 -0.143  0.021 -0.162 -0.190  0.238 -0.067 -0.075  0.080
MYM     0.372 -0.151  0.019 -0.004  0.873  0.967  0.886  1.000 -0.186  0.046 -0.189 -0.219  0.268 -0.089 -0.022  0.098
YC     -0.228  0.199  0.251  0.237 -0.148 -0.152 -0.143 -0.186  1.000  0.535  0.703  0.445  0.168  0.426  0.382  0.223
YK      0.102  0.135  0.135  0.103  0.004  0.052  0.021  0.046  0.535  1.000  0.363  0.387  0.406  0.431  0.445  0.204
YW     -0.238  0.154  0.146  0.123 -0.162 -0.160 -0.162 -0.189  0.703  0.363  1.000  0.354  0.058  0.345  0.380  0.191
MGC     0.113  0.221  0.273  0.288 -0.172 -0.193 -0.190 -0.219  0.445  0.387  0.354  1.000  0.421  0.831  0.402  0.121
MHG     0.254  0.085  0.070  0.089  0.184  0.279  0.238  0.268  0.168  0.406  0.058  0.421  1.000  0.534  0.408  0.156
SIL     0.120  0.148  0.174  0.188 -0.079 -0.064 -0.067 -0.089  0.426  0.431  0.345  0.831  0.534  1.000  0.425  0.165
MCL    -0.073  0.127  0.009  0.004 -0.052 -0.029 -0.075 -0.022  0.382  0.445  0.380  0.402  0.408  0.425  1.000  0.191
QG     -0.023  0.152  0.043  0.032  0.057  0.115  0.080  0.098  0.223  0.204  0.191  0.121  0.156  0.165  0.191  1.000
SumABS  3.665  4.161  3.695  3.619  5.073  5.416  5.255  5.388  5.425  4.368  4.727  5.630  4.617  5.087  4.025  2.852
---------------- End Correlation Report - Returns ----------------
