---------------- Correlation Report - Account: Uxxxxx30 ----------------

As at: 2022-05-13 15:56:02 (Chicago)


Correlation of Returns - 128 Days

           E7     J7     ZF     ZN    M2K    MES    MNQ    MYM     YC     YK     YW    MGC    MHG    SIL    MCL     QG
E7      1.000  0.235  0.003  0.001  0.187  0.218  0.171  0.260 -0.337 -0.013 -0.369  0.042  0.105  0.027 -0.180 -0.059
J7      0.235  1.000  0.574  0.607 -0.221 -0.231 -0.219 -0.233  0.133  0.097  0.041  0.208 -0.036  0.093 -0.094  0.114
ZF      0.003  0.574  1.000  0.965 -0.113 -0.109 -0.058 -0.145  0.263  0.081  0.115  0.309  0.037  0.173 -0.081  0.047
ZN      0.001  0.607  0.965  1.000 -0.145 -0.132 -0.077 -0.172  0.230  0.052  0.085  0.302  0.043  0.166 -0.098  0.029
M2K     0.187 -0.221 -0.113 -0.145  1.000  0.894  0.878  0.847 -0.181 -0.045 -0.134 -0.240  0.139 -0.118  0.084  0.013
MES     0.218 -0.231 -0.109 -0.132  0.894  1.000  0.957  0.950 -0.176  0.021 -0.156 -0.264  0.218 -0.128  0.075  0.093
MNQ     0.171 -0.219 -0.058 -0.077  0.878  0.957  1.000  0.838 -0.180 -0.022 -0.172 -0.247  0.159 -0.125  0.004  0.089
MYM     0.260 -0.233 -0.145 -0.172  0.847  0.950  0.838  1.000 -0.198  0.021 -0.170 -0.292  0.227 -0.153  0.106  0.043
YC     -0.337  0.133  0.263  0.230 -0.181 -0.176 -0.180 -0.198  1.000  0.652  0.620  0.466  0.186  0.459  0.366  0.189
YK     -0.013  0.097  0.081  0.052 -0.045  0.021 -0.022  0.021  0.652  1.000  0.330  0.366  0.356  0.425  0.407  0.185
YW     -0.369  0.041  0.115  0.085 -0.134 -0.156 -0.172 -0.170  0.620  0.330  1.000  0.300  0.081  0.301  0.418  0.103
MGC     0.042  0.208  0.309  0.302 -0.240 -0.264 -0.247 -0.292  0.466  0.366  0.300  1.000  0.349  0.820  0.351  0.097
MHG     0.105 -0.036  0.037  0.043  0.139  0.218  0.159  0.227  0.186  0.356  0.081  0.349  1.000  0.502  0.444  0.105
SIL     0.027  0.093  0.173  0.166 -0.118 -0.128 -0.125 -0.153  0.459  0.425  0.301  0.820  0.502  1.000  0.393  0.092
MCL    -0.180 -0.094 -0.081 -0.098  0.084  0.075  0.004  0.106  0.366  0.407  0.418  0.351  0.444  0.393  1.000  0.142
QG     -0.059  0.114  0.047  0.029  0.013  0.093  0.089  0.043  0.189  0.185  0.103  0.097  0.105  0.092  0.142  1.000
SumABS  3.208  4.136  4.074  4.104  5.239  5.625  5.196  5.655  5.636  4.073  4.394  5.653  3.985  4.975  4.243  2.400
---------------- End Correlation Report - Returns ----------------
