---------------- Correlation Report - Account: Uxxxxx30 ----------------

As at: 2022-05-31 15:56:02 (Chicago)


Correlation of Returns - 128 Days

           E7     J7     ZF     ZN    M2K    MES    MNQ    MYM     YC     YK     YW    MGC    MHG    SIL    MCL     QG
E7      1.000  0.165 -0.116 -0.079  0.278  0.306  0.238  0.360 -0.283  0.056 -0.288  0.079  0.238  0.097 -0.109  0.001
J7      0.165  1.000  0.540  0.575 -0.176 -0.214 -0.241 -0.182  0.119  0.157  0.056  0.223  0.061  0.145  0.070  0.116
ZF     -0.116  0.540  1.000  0.950 -0.041 -0.093 -0.063 -0.097  0.274  0.138  0.121  0.245  0.060  0.155  0.053  0.013
ZN     -0.079  0.575  0.950  1.000 -0.058 -0.094 -0.068 -0.102  0.246  0.105  0.103  0.258  0.095  0.178  0.051 -0.008
M2K     0.278 -0.176 -0.041 -0.058  1.000  0.903  0.902  0.845 -0.137 -0.024 -0.095 -0.238  0.128 -0.111  0.016  0.033
MES     0.306 -0.214 -0.093 -0.094  0.903  1.000  0.963  0.956 -0.121  0.036 -0.103 -0.257  0.209 -0.107  0.025  0.116
MNQ     0.238 -0.241 -0.063 -0.068  0.902  0.963  1.000  0.860 -0.122  0.006 -0.117 -0.254  0.162 -0.115 -0.013  0.107
MYM     0.360 -0.182 -0.097 -0.102  0.845  0.956  0.860  1.000 -0.148  0.022 -0.122 -0.277  0.207 -0.123  0.028  0.073
YC     -0.283  0.119  0.274  0.246 -0.137 -0.121 -0.122 -0.148  1.000  0.606  0.642  0.467  0.225  0.491  0.402  0.199
YK      0.056  0.157  0.138  0.105 -0.024  0.036  0.006  0.022  0.606  1.000  0.308  0.386  0.376  0.442  0.420  0.182
YW     -0.288  0.056  0.121  0.103 -0.095 -0.103 -0.117 -0.122  0.642  0.308  1.000  0.310  0.092  0.334  0.411  0.145
MGC     0.079  0.223  0.245  0.258 -0.238 -0.257 -0.254 -0.277  0.467  0.386  0.310  1.000  0.412  0.825  0.409  0.105
MHG     0.238  0.061  0.060  0.095  0.128  0.209  0.162  0.207  0.225  0.376  0.092  0.412  1.000  0.541  0.401  0.131
SIL     0.097  0.145  0.155  0.178 -0.111 -0.107 -0.115 -0.123  0.491  0.442  0.334  0.825  0.541  1.000  0.434  0.128
MCL    -0.109  0.070  0.053  0.051  0.016  0.025 -0.013  0.028  0.402  0.420  0.411  0.409  0.401  0.434  1.000  0.146
QG      0.001  0.116  0.013 -0.008  0.033  0.116  0.107  0.073  0.199  0.182  0.145  0.105  0.131  0.128  0.146  1.000
SumABS  3.695  4.041  3.959  3.971  4.986  5.503  5.231  5.403  5.481  4.266  4.246  5.745  4.341  5.226  3.988  2.504
---------------- End Correlation Report - Returns ----------------
