---------------- Correlation Report - Account: Uxxxxx30 ----------------
As at: 2022-07-05 15:56:02 (Chicago)
Correlation of Returns - 128 Days
---------------------------------
           E7     J7     ZF     ZN    M2K    MES    MNQ    MYM     YC     YK     YW    MGC    MHG    SIL    MCL     QG
E7      1.000  0.235 -0.023 -0.027  0.285  0.311  0.233  0.370 -0.140  0.182 -0.197  0.131  0.296  0.150  0.005 -0.010
J7      0.235  1.000  0.496  0.517 -0.130 -0.155 -0.193 -0.123  0.107  0.055  0.106  0.210  0.032  0.121  0.110  0.079
ZF     -0.023  0.496  1.000  0.974  0.044  0.019  0.039  0.016  0.097 -0.009  0.064  0.227 -0.031  0.100 -0.046 -0.039
ZN     -0.027  0.517  0.974  1.000  0.036  0.012  0.033  0.004  0.094 -0.017  0.048  0.220 -0.018  0.096 -0.049 -0.044
M2K     0.285 -0.130  0.044  0.036  1.000  0.918  0.910  0.876 -0.154 -0.058 -0.187 -0.164  0.122 -0.075 -0.050  0.060
MES     0.311 -0.155  0.019  0.012  0.918  1.000  0.965  0.969 -0.137 -0.008 -0.178 -0.181  0.214 -0.058 -0.020  0.108
MNQ     0.233 -0.193  0.039  0.033  0.910  0.965  1.000  0.889 -0.142 -0.048 -0.181 -0.182  0.169 -0.059 -0.089  0.067
MYM     0.370 -0.123  0.016  0.004  0.876  0.969  0.889  1.000 -0.152  0.001 -0.199 -0.202  0.217 -0.079  0.001  0.100
YC     -0.140  0.107  0.097  0.094 -0.154 -0.137 -0.142 -0.152  1.000  0.588  0.705  0.466  0.287  0.458  0.435  0.316
YK      0.182  0.055 -0.009 -0.017 -0.058 -0.008 -0.048  0.001  0.588  1.000  0.422  0.419  0.528  0.478  0.461  0.225
YW     -0.197  0.106  0.064  0.048 -0.187 -0.178 -0.181 -0.199  0.705  0.422  1.000  0.380  0.147  0.386  0.396  0.242
MGC     0.131  0.210  0.227  0.220 -0.164 -0.181 -0.182 -0.202  0.466  0.419  0.380  1.000  0.443  0.822  0.440  0.165
MHG     0.296  0.032 -0.031 -0.018  0.122  0.214  0.169  0.217  0.287  0.528  0.147  0.443  1.000  0.559  0.459  0.218
SIL     0.150  0.121  0.100  0.096 -0.075 -0.058 -0.059 -0.079  0.458  0.478  0.386  0.822  0.559  1.000  0.440  0.205
MCL     0.005  0.110 -0.046 -0.049 -0.050 -0.020 -0.089  0.001  0.435  0.461  0.396  0.440  0.459  0.440  1.000  0.264
QG     -0.010  0.079 -0.039 -0.044  0.060  0.108  0.067  0.100  0.316  0.225  0.242  0.165  0.218  0.205  0.264  1.000
SumABS  3.595  3.669  3.225  3.189  5.068  5.252  5.200  5.198  5.278  4.497  4.839  5.654  4.739  5.086  4.264  3.142
---------------- End Correlation Report - Returns ----------------


---------------- Covariance Report - Account: Uxxxxx30 ----------------
As at: 2022-07-05 15:56:02 (Chicago)
Covariance of Returns - 128 Days
---------------------------------
           E7     J7     ZF     ZN     M2K     MES     MNQ    MYM      YC      YK      YW    MGC     MHG     SIL     MCL      QG
E7      0.356  0.085 -0.005 -0.008   0.317   0.297   0.307  0.284  -0.148   0.152  -0.357  0.079   0.300   0.164   0.008  -0.029
J7      0.085  0.369  0.109  0.159  -0.146  -0.151  -0.259 -0.096   0.115   0.047   0.196  0.129   0.033   0.133   0.197   0.224
ZF     -0.005  0.109  0.128  0.175   0.029   0.011   0.030  0.007   0.060  -0.004   0.069  0.081  -0.019   0.064  -0.048  -0.064
ZN     -0.008  0.159  0.175  0.251   0.033   0.009   0.036  0.003   0.083  -0.012   0.072  0.110  -0.015   0.086  -0.071  -0.101
M2K     0.317 -0.146  0.029  0.033   3.353   2.650   3.623  2.031  -0.491  -0.146  -1.023 -0.299   0.373  -0.248  -0.264   0.505
MES     0.297 -0.151  0.011  0.009   2.650   2.487   3.310  1.935  -0.378  -0.017  -0.835 -0.284   0.564  -0.164  -0.092   0.784
MNQ     0.307 -0.259  0.030  0.036   3.623   3.310   4.732  2.449  -0.538  -0.144  -1.178 -0.394   0.613  -0.232  -0.559   0.677
MYM     0.284 -0.096  0.007  0.003   2.031   1.935   2.449  1.603  -0.336   0.002  -0.752 -0.255   0.460  -0.179   0.002   0.584
YC     -0.148  0.115  0.060  0.083  -0.491  -0.378  -0.538 -0.336   3.053   1.421   3.675  0.809   0.839   1.437   2.202   2.551
YK      0.152  0.047 -0.004 -0.012  -0.146  -0.017  -0.144  0.002   1.421   1.911   1.740  0.575   1.219   1.187   1.846   1.440
YW     -0.357  0.196  0.069  0.072  -1.023  -0.835  -1.178 -0.752   3.675   1.740   8.903  1.127   0.732   2.066   3.426   3.337
MGC     0.079  0.129  0.081  0.110  -0.299  -0.284  -0.394 -0.255   0.809   0.575   1.127  0.988   0.736   1.468   1.266   0.761
MHG     0.300  0.033 -0.019 -0.015   0.373   0.564   0.613  0.460   0.839   1.219   0.732  0.736   2.793   1.679   2.220   1.685
SIL     0.164  0.133  0.064  0.086  -0.248  -0.164  -0.232 -0.179   1.437   1.187   2.066  1.468   1.679   3.225   2.287   1.701
MCL     0.008  0.197 -0.048 -0.071  -0.264  -0.092  -0.559  0.002   2.202   1.846   3.426  1.266   2.220   2.287   8.395   3.544
QG     -0.029  0.224 -0.064 -0.101   0.505   0.784   0.677  0.584   2.551   1.440   3.337  0.761   1.685   1.701   3.544  21.384
Sum     1.801  1.145  0.624  0.810  10.295  10.128  12.473  7.743  14.354  11.217  21.198  6.897  14.213  14.674  24.360  38.982
Weight  0.065  0.065  0.095  0.095   0.060   0.060   0.060  0.060   0.050   0.050   0.050  0.050   0.050   0.050   0.070   0.070
Vol     0.117  0.074  0.059  0.077   0.618   0.608   0.748  0.465   0.718   0.561   1.060  0.345   0.711   0.734   1.705   2.729

Theoretical portfolio volatility (when fully weighted): 11.33
---------------- End Covariance Report - Returns ----------------
