---------------- Correlation Report - Account: Uxxxxx30 ----------------
As at: 2022-07-19 15:01:02 (Chicago)
Correlation of Returns - 128 Days
---------------------------------
           E7     J7     ZF     ZN    M2K    MES    MNQ    MYM     YC     YK     YW    MGC    MHG    SIL    MCL     QG
E7      1.000  0.233 -0.050 -0.060  0.317  0.319  0.248  0.370 -0.119  0.149 -0.142  0.139  0.267  0.155  0.039 -0.017
J7      0.233  1.000  0.486  0.496 -0.097 -0.143 -0.183 -0.106  0.040  0.029  0.126  0.226  0.031  0.148  0.105  0.060
ZF     -0.050  0.486  1.000  0.974 -0.002 -0.022 -0.005 -0.026  0.015 -0.057  0.023  0.222 -0.081  0.104 -0.065 -0.045
ZN     -0.060  0.496  0.974  1.000 -0.002 -0.026 -0.007 -0.032  0.009 -0.074 -0.006  0.203 -0.083  0.089 -0.075 -0.042
M2K     0.317 -0.097 -0.002 -0.002  1.000  0.920  0.912  0.881 -0.123 -0.047 -0.142 -0.134  0.158 -0.017 -0.020  0.072
MES     0.319 -0.143 -0.022 -0.026  0.920  1.000  0.965  0.972 -0.109 -0.005 -0.149 -0.181  0.212 -0.034  0.001  0.102
MNQ     0.248 -0.183 -0.005 -0.007  0.912  0.965  1.000  0.893 -0.103 -0.037 -0.151 -0.188  0.176 -0.042 -0.069  0.061
MYM     0.370 -0.106 -0.026 -0.032  0.881  0.972  0.893  1.000 -0.128 -0.003 -0.173 -0.202  0.209 -0.050  0.025  0.102
YC     -0.119  0.040  0.015  0.009 -0.123 -0.109 -0.103 -0.128  1.000  0.639  0.675  0.371  0.304  0.385  0.425  0.320
YK      0.149  0.029 -0.057 -0.074 -0.047 -0.005 -0.037 -0.003  0.639  1.000  0.481  0.399  0.566  0.478  0.528  0.296
YW     -0.142  0.126  0.023 -0.006 -0.142 -0.149 -0.151 -0.173  0.675  0.481  1.000  0.377  0.219  0.368  0.443  0.245
MGC     0.139  0.226  0.222  0.203 -0.134 -0.181 -0.188 -0.202  0.371  0.399  0.377  1.000  0.425  0.806  0.451  0.172
MHG     0.267  0.031 -0.081 -0.083  0.158  0.212  0.176  0.209  0.304  0.566  0.219  0.425  1.000  0.552  0.519  0.303
SIL     0.155  0.148  0.104  0.089 -0.017 -0.034 -0.042 -0.050  0.385  0.478  0.368  0.806  0.552  1.000  0.453  0.238
MCL     0.039  0.105 -0.065 -0.075 -0.020  0.001 -0.069  0.025  0.425  0.528  0.443  0.451  0.519  0.453  1.000  0.309
QG     -0.017  0.060 -0.045 -0.042  0.072  0.102  0.061  0.102  0.320  0.296  0.245  0.172  0.303  0.238  0.309  1.000
SumABS  3.624  3.508  3.177  3.178  4.843  5.161  5.039  5.171  4.764  4.788  4.720  5.496  5.104  4.919  4.527  3.383
---------------- End Correlation Report - Returns ----------------


---------------- Covariance Report - Account: Uxxxxx30 ----------------
As at: 2022-07-19 15:01:02 (Chicago)
Covariance of Returns (Position Weighted) - 128 Days
----------------------------------------------------
        E7     J7   ZF   ZN     M2K    MES    MNQ    MYM      YC     YK     YW    MGC     MHG    SIL    MCL   QG
E7   0.368  0.086  0.0  0.0   0.703  0.304  0.323  0.285  -0.268  0.132 -0.264  0.245   0.569  0.164  0.071  0.0
J7   0.086  0.367  0.0  0.0  -0.215 -0.136 -0.238 -0.082   0.090  0.026  0.233  0.396   0.067  0.157  0.189  0.0
ZF   0.000  0.000  0.0  0.0   0.000  0.000  0.000  0.000   0.000  0.000  0.000  0.000   0.000  0.000  0.000  0.0
ZN   0.000  0.000  0.0  0.0   0.000  0.000  0.000  0.000   0.000  0.000  0.000  0.000   0.000  0.000  0.000  0.0
M2K  0.703 -0.215  0.0  0.0  13.368  5.296  7.173  4.097  -1.664 -0.249 -1.585 -1.420   2.032 -0.109 -0.215  0.0
MES  0.304 -0.136  0.0  0.0   5.296  2.477  3.266  1.946  -0.634 -0.012 -0.718 -0.828   1.175 -0.092  0.006  0.0
MNQ  0.323 -0.238  0.0  0.0   7.173  3.266  4.624  2.444  -0.820 -0.117 -0.995 -1.171   1.331 -0.158 -0.440  0.0
MYM  0.285 -0.082  0.0  0.0   4.097  1.946  2.444  1.619  -0.602 -0.006 -0.675 -0.744   0.936 -0.111  0.097  0.0
YC  -0.268  0.090  0.0  0.0  -1.664 -0.634 -0.820 -0.602  13.757  3.466  7.665  3.992   3.959  2.490  4.704  0.0
YK   0.132  0.026  0.0  0.0  -0.249 -0.012 -0.117 -0.006   3.466  2.141  2.157  1.691   2.911  1.219  2.306  0.0
YW  -0.264  0.233  0.0  0.0  -1.585 -0.718 -0.995 -0.675   7.665  2.157  9.379  3.344   2.358  1.963  4.046  0.0
MGC  0.245  0.396  0.0  0.0  -1.420 -0.828 -1.171 -0.744   3.992  1.691  3.344  8.400   4.327  4.072  3.900  0.0
MHG  0.569  0.067  0.0  0.0   2.032  1.175  1.331  0.936   3.959  2.911  2.358  4.327  12.359  3.380  5.444  0.0
SIL  0.164  0.157  0.0  0.0  -0.109 -0.092 -0.158 -0.111   2.490  1.219  1.963  4.072   3.380  3.037  2.359  0.0
MCL  0.071  0.189  0.0  0.0  -0.215  0.006 -0.440  0.097   4.704  2.306  4.046  3.900   5.444  2.359  8.909  0.0
QG   0.000  0.000  0.0  0.0   0.000  0.000  0.000  0.000   0.000  0.000  0.000  0.000   0.000  0.000  0.000  0.0

Sum of Covariance Matrix: 262.86
Portfolio volatility: 16.21
(Square root of sum of Covariance matrix)
---------------- End Covariance Report - Returns ----------------
