---------------- Correlation Report - Account: Uxxxxx30 ----------------

As at: 2022-05-24 15:56:02 (Chicago)


Correlation of Returns - 128 Days

           E7     J7     ZF     ZN    M2K    MES    MNQ    MYM     YC     YK     YW    MGC    MHG    SIL    MCL     QG
E7      1.000  0.212 -0.119 -0.086  0.229  0.259  0.207  0.301 -0.294  0.011 -0.308  0.061  0.171  0.066 -0.169  0.001
J7      0.212  1.000  0.541  0.571 -0.250 -0.276 -0.275 -0.263  0.088  0.076  0.008  0.189 -0.052  0.090 -0.084  0.110
ZF     -0.119  0.541  1.000  0.951 -0.059 -0.108 -0.074 -0.112  0.264  0.127  0.113  0.248  0.065  0.152  0.052  0.001
ZN     -0.086  0.571  0.951  1.000 -0.078 -0.109 -0.078 -0.119  0.226  0.084  0.085  0.256  0.098  0.168  0.050 -0.027
M2K     0.229 -0.250 -0.059 -0.078  1.000  0.900  0.891  0.845 -0.141 -0.020 -0.086 -0.233  0.172 -0.105  0.080  0.036
MES     0.259 -0.276 -0.108 -0.109  0.900  1.000  0.959  0.954 -0.125  0.034 -0.097 -0.257  0.244 -0.112  0.080  0.121
MNQ     0.207 -0.275 -0.074 -0.078  0.891  0.959  1.000  0.849 -0.129 -0.005 -0.118 -0.251  0.184 -0.119  0.016  0.109
MYM     0.301 -0.263 -0.112 -0.119  0.845  0.954  0.849  1.000 -0.143  0.028 -0.105 -0.276  0.252 -0.126  0.105  0.079
YC     -0.294  0.088  0.264  0.226 -0.141 -0.125 -0.129 -0.143  1.000  0.620  0.634  0.453  0.203  0.455  0.384  0.202
YK      0.011  0.076  0.127  0.084 -0.020  0.034 -0.005  0.028  0.620  1.000  0.311  0.379  0.383  0.429  0.429  0.184
YW     -0.308  0.008  0.113  0.085 -0.086 -0.097 -0.118 -0.105  0.634  0.311  1.000  0.296  0.092  0.311  0.415  0.137
MGC     0.061  0.189  0.248  0.256 -0.233 -0.257 -0.251 -0.276  0.453  0.379  0.296  1.000  0.389  0.822  0.376  0.097
MHG     0.171 -0.052  0.065  0.098  0.172  0.244  0.184  0.252  0.203  0.383  0.092  0.389  1.000  0.520  0.458  0.120
SIL     0.066  0.090  0.152  0.168 -0.105 -0.112 -0.119 -0.126  0.455  0.429  0.311  0.822  0.520  1.000  0.407  0.107
MCL    -0.169 -0.084  0.052  0.050  0.080  0.080  0.016  0.105  0.384  0.429  0.415  0.376  0.458  0.407  1.000  0.132
QG      0.001  0.110  0.001 -0.027  0.036  0.121  0.109  0.079  0.202  0.184  0.137  0.097  0.120  0.107  0.132  1.000
SumABS  3.494  4.086  3.986  3.986  5.125  5.635  5.264  5.560  5.361  4.116  4.116  5.583  4.403  4.990  4.237  2.462
---------------- End Correlation Report - Returns ----------------
