---------------- Correlation Report - Account: Uxxxxx30 ----------------

As at: 2022-06-14 15:56:02 (Chicago)


Correlation of Returns - 128 Days

           E7     J7     ZF     ZN    M2K    MES    MNQ    MYM     YC     YK     YW    MGC    MHG    SIL    MCL     QG
E7      1.000  0.176 -0.024 -0.000  0.339  0.373  0.293  0.429 -0.253  0.087 -0.254  0.087  0.286  0.107 -0.093 -0.038
J7      0.176  1.000  0.509  0.542 -0.107 -0.152 -0.190 -0.118  0.108  0.149  0.080  0.198  0.100  0.122  0.085  0.090
ZF     -0.024  0.509  1.000  0.956  0.066  0.026  0.034  0.026  0.283  0.203  0.127  0.267  0.130  0.175  0.066  0.044
ZN     -0.000  0.542  0.956  1.000  0.046  0.018  0.022  0.013  0.252  0.171  0.103  0.286  0.158  0.199  0.066  0.031
M2K     0.339 -0.107  0.066  0.046  1.000  0.909  0.908  0.860 -0.116  0.058 -0.096 -0.152  0.165 -0.072 -0.013  0.065
MES     0.373 -0.152  0.026  0.018  0.909  1.000  0.963  0.964 -0.096  0.111 -0.087 -0.176  0.266 -0.061  0.009  0.127
MNQ     0.293 -0.190  0.034  0.022  0.908  0.963  1.000  0.877 -0.097  0.083 -0.101 -0.185  0.220 -0.078 -0.035  0.097
MYM     0.429 -0.118  0.026  0.013  0.860  0.964  0.877  1.000 -0.129  0.090 -0.107 -0.196  0.262 -0.076  0.019  0.106
YC     -0.253  0.108  0.283  0.252 -0.116 -0.096 -0.097 -0.129  1.000  0.582  0.649  0.451  0.198  0.477  0.396  0.187
YK      0.087  0.149  0.203  0.171  0.058  0.111  0.083  0.090  0.582  1.000  0.307  0.419  0.425  0.475  0.420  0.183
YW     -0.254  0.080  0.127  0.103 -0.096 -0.087 -0.101 -0.107  0.649  0.307  1.000  0.303  0.090  0.323  0.393  0.171
MGC     0.087  0.198  0.267  0.286 -0.152 -0.176 -0.185 -0.196  0.451  0.419  0.303  1.000  0.455  0.837  0.405  0.103
MHG     0.286  0.100  0.130  0.158  0.165  0.266  0.220  0.262  0.198  0.425  0.090  0.455  1.000  0.558  0.390  0.144
SIL     0.107  0.122  0.175  0.199 -0.072 -0.061 -0.078 -0.076  0.477  0.475  0.323  0.837  0.558  1.000  0.427  0.135
MCL    -0.093  0.085  0.066  0.066 -0.013  0.009 -0.035  0.019  0.396  0.420  0.393  0.405  0.390  0.427  1.000  0.171
QG     -0.038  0.090  0.044  0.031  0.065  0.127  0.097  0.106  0.187  0.183  0.171  0.103  0.144  0.135  0.171  1.000
SumABS  3.839  3.725  3.934  3.864  4.972  5.338  5.183  5.272  5.271  4.763  4.191  5.520  4.845  5.122  3.988  2.694
---------------- End Correlation Report - Returns ----------------
