---------------- Correlation Report - Account: Uxxxxx30 ----------------

As at: 2022-06-09 15:56:02 (Chicago)


Correlation of Returns - 128 Days

           E7     J7     ZF     ZN    M2K    MES    MNQ    MYM     YC     YK     YW    MGC    MHG    SIL    MCL     QG
E7      1.000  0.189 -0.092 -0.060  0.307  0.342  0.264  0.401 -0.265  0.050 -0.258  0.085  0.267  0.103 -0.097 -0.054
J7      0.189  1.000  0.545  0.575 -0.102 -0.143 -0.183 -0.113  0.105  0.151  0.077  0.205  0.100  0.127  0.081  0.073
ZF     -0.092  0.545  1.000  0.952 -0.017 -0.064 -0.042 -0.072  0.282  0.147  0.122  0.249  0.074  0.147  0.055 -0.026
ZN     -0.060  0.575  0.952  1.000 -0.034 -0.065 -0.047 -0.078  0.249  0.118  0.096  0.262  0.106  0.168  0.053 -0.043
M2K     0.307 -0.102 -0.017 -0.034  1.000  0.905  0.904  0.853 -0.128  0.009 -0.102 -0.198  0.134 -0.107 -0.022  0.053
MES     0.342 -0.143 -0.064 -0.065  0.905  1.000  0.963  0.962 -0.110  0.066 -0.091 -0.213  0.232 -0.088 -0.002  0.118
MNQ     0.264 -0.183 -0.042 -0.047  0.904  0.963  1.000  0.872 -0.107  0.047 -0.103 -0.213  0.193 -0.099 -0.037  0.099
MYM     0.401 -0.113 -0.072 -0.078  0.853  0.962  0.872  1.000 -0.142  0.047 -0.115 -0.232  0.226 -0.103  0.001  0.088
YC     -0.265  0.105  0.282  0.249 -0.128 -0.110 -0.107 -0.142  1.000  0.586  0.646  0.448  0.190  0.466  0.397  0.183
YK      0.050  0.151  0.147  0.118  0.009  0.066  0.047  0.047  0.586  1.000  0.303  0.398  0.394  0.445  0.425  0.168
YW     -0.258  0.077  0.122  0.096 -0.102 -0.091 -0.103 -0.115  0.646  0.303  1.000  0.308  0.083  0.324  0.398  0.159
MGC     0.085  0.205  0.249  0.262 -0.198 -0.213 -0.213 -0.232  0.448  0.398  0.308  1.000  0.455  0.836  0.421  0.065
MHG     0.267  0.100  0.074  0.106  0.134  0.232  0.193  0.226  0.190  0.394  0.083  0.455  1.000  0.554  0.378  0.102
SIL     0.103  0.127  0.147  0.168 -0.107 -0.088 -0.099 -0.103  0.466  0.445  0.324  0.836  0.554  1.000  0.435  0.112
MCL    -0.097  0.081  0.055  0.053 -0.022 -0.002 -0.037  0.001  0.397  0.425  0.398  0.421  0.378  0.435  1.000  0.150
QG     -0.054  0.073 -0.026 -0.043  0.053  0.118  0.099  0.088  0.183  0.168  0.159  0.065  0.102  0.112  0.150  1.000
SumABS  3.833  3.769  3.888  3.905  4.875  5.364  5.172  5.305  5.304  4.353  4.186  5.589  4.484  5.112  3.952  2.493
---------------- End Correlation Report - Returns ----------------
