---------------- Correlation Report - Account: Uxxxxx30 ----------------
As at: 2022-06-27 15:56:02 (Chicago)
Correlation of Returns - 128 Days
---------------------------------
           E7     J7     ZF     ZN    M2K    MES    MNQ    MYM     YC     YK     YW    MGC    MHG    SIL    MCL     QG
E7      1.000  0.229  0.007  0.020  0.283  0.313  0.242  0.369 -0.201  0.120 -0.233  0.113  0.263  0.127 -0.059 -0.007
J7      0.229  1.000  0.493  0.516 -0.138 -0.166 -0.197 -0.138  0.143  0.080  0.132  0.211  0.041  0.131  0.119  0.122
ZF      0.007  0.493  1.000  0.959  0.053  0.024  0.043  0.019  0.211  0.085  0.134  0.266  0.034  0.162  0.003  0.017
ZN      0.020  0.516  0.959  1.000  0.027  0.003  0.022 -0.008  0.198  0.051  0.114  0.281  0.048  0.174 -0.007  0.003
M2K     0.283 -0.138  0.053  0.027  1.000  0.918  0.911  0.876 -0.147 -0.014 -0.177 -0.175  0.151 -0.082 -0.045  0.042
MES     0.313 -0.166  0.024  0.003  0.918  1.000  0.966  0.968 -0.135  0.031 -0.170 -0.193  0.239 -0.067 -0.022  0.091
MNQ     0.242 -0.197  0.043  0.022  0.911  0.966  1.000  0.888 -0.131 -0.003 -0.172 -0.191  0.199 -0.071 -0.071  0.057
MYM     0.369 -0.138  0.019 -0.008  0.876  0.968  0.888  1.000 -0.158  0.032 -0.196 -0.219  0.234 -0.090 -0.012  0.079
YC     -0.201  0.143  0.211  0.198 -0.147 -0.135 -0.131 -0.158  1.000  0.549  0.688  0.437  0.218  0.426  0.370  0.240
YK      0.120  0.080  0.085  0.051 -0.014  0.031 -0.003  0.032  0.549  1.000  0.374  0.382  0.455  0.438  0.442  0.245
YW     -0.233  0.132  0.134  0.114 -0.177 -0.170 -0.172 -0.196  0.688  0.374  1.000  0.359  0.090  0.354  0.378  0.210
MGC     0.113  0.211  0.266  0.281 -0.175 -0.193 -0.191 -0.219  0.437  0.382  0.359  1.000  0.420  0.832  0.403  0.131
MHG     0.263  0.041  0.034  0.048  0.151  0.239  0.199  0.234  0.218  0.455  0.090  0.420  1.000  0.539  0.404  0.193
SIL     0.127  0.131  0.162  0.174 -0.082 -0.067 -0.071 -0.090  0.426  0.438  0.354  0.832  0.539  1.000  0.426  0.182
MCL    -0.059  0.119  0.003 -0.007 -0.045 -0.022 -0.071 -0.012  0.370  0.442  0.378  0.403  0.404  0.426  1.000  0.199
QG     -0.007  0.122  0.017  0.003  0.042  0.091  0.057  0.079  0.240  0.245  0.210  0.131  0.193  0.182  0.199  1.000
SumABS  3.584  3.857  3.509  3.430  5.038  5.306  5.164  5.286  5.251  4.300  4.780  5.611  4.530  5.101  3.960  2.817
---------------- End Correlation Report - Returns ----------------


---------------- Covariance Report - Account: Uxxxxx30 ----------------
As at: 2022-06-27 15:56:02 (Chicago)
Covariance of Returns - 128 Days
---------------------------------
           E7     J7     ZF     ZN     M2K     MES     MNQ    MYM      YC     YK      YW    MGC     MHG     SIL     MCL      QG
E7      0.338  0.080  0.001  0.006   0.305   0.288   0.308  0.272  -0.192  0.085  -0.397  0.066   0.248   0.132  -0.100  -0.018
J7      0.080  0.363  0.106  0.153  -0.155  -0.159  -0.260 -0.106   0.141  0.059   0.232  0.127   0.040   0.141   0.208   0.323
ZF      0.001  0.106  0.121  0.164   0.034   0.013   0.032  0.008   0.120  0.036   0.136  0.092   0.019   0.100   0.003   0.026
ZN      0.006  0.153  0.164  0.236   0.024   0.002   0.024 -0.005   0.156  0.030   0.160  0.135   0.038   0.149  -0.009   0.006
M2K     0.305 -0.155  0.034  0.024   3.369   2.640   3.618  2.019  -0.440 -0.031  -0.938 -0.318   0.445  -0.265  -0.238   0.333
MES     0.288 -0.159  0.013  0.002   2.640   2.456   3.273  1.906  -0.345  0.059  -0.769 -0.299   0.600  -0.184  -0.101   0.623
MNQ     0.308 -0.260  0.032  0.024   3.618   3.273   4.679  2.414  -0.460 -0.007  -1.075 -0.409   0.690  -0.271  -0.442   0.535
MYM     0.272 -0.106  0.008 -0.005   2.019   1.906   2.414  1.578  -0.324  0.048  -0.711 -0.272   0.471  -0.199  -0.044   0.430
YC     -0.192  0.141  0.120  0.156  -0.440  -0.345  -0.460 -0.324   2.647  1.081   3.235  0.703   0.568   1.221   1.729   1.697
YK      0.085  0.059  0.036  0.030  -0.031   0.059  -0.007  0.048   1.081  1.464   1.308  0.457   0.881   0.934   1.536   1.288
YW     -0.397  0.232  0.136  0.160  -0.938  -0.769  -1.075 -0.711   3.235  1.308   8.354  1.028   0.414   1.800   3.144   2.637
MGC     0.066  0.127  0.092  0.135  -0.318  -0.299  -0.409 -0.272   0.703  0.457   1.028  0.980   0.666   1.450   1.146   0.565
MHG     0.248  0.040  0.019  0.038   0.445   0.600   0.690  0.471   0.568  0.881   0.414  0.666   2.561   1.520   1.857   1.346
SIL     0.132  0.141  0.100  0.149  -0.265  -0.184  -0.271 -0.199   1.221  0.934   1.800  1.450   1.520   3.103   2.160   1.394
MCL    -0.100  0.208  0.003 -0.009  -0.238  -0.101  -0.442 -0.044   1.729  1.536   3.144  1.146   1.857   2.160   8.265   2.493
QG     -0.018  0.323  0.026  0.006   0.333   0.623   0.535  0.430   1.697  1.288   2.637  0.565   1.346   1.394   2.493  18.938
Sum     1.422  1.293  1.011  1.267  10.404  10.004  12.652  7.487  11.539  9.230  18.555  6.118  12.364  13.183  21.605  32.616
Weight  0.065  0.065  0.095  0.095   0.060   0.060   0.060  0.060   0.050  0.050   0.050  0.050   0.050   0.050   0.070   0.070
Vol     0.092  0.084  0.096  0.120   0.624   0.600   0.759  0.449   0.577  0.461   0.928  0.306   0.618   0.659   1.512   2.283

Theoretical portfolio volatility (when fully weighted): 10.17
---------------- End Covariance Report - Returns ----------------
