---------------- Correlation Report - Account: Uxxxxx30 ----------------

As at: 2022-06-24 15:56:02 (Chicago)
Correlation of Returns - 128 Days
---------------------------------
           E7     J7     ZF     ZN    M2K    MES    MNQ    MYM     YC     YK     YW    MGC    MHG    SIL    MCL     QG
E7      1.000  0.229  0.010  0.023  0.282  0.315  0.245  0.370 -0.189  0.117 -0.229  0.114  0.262  0.126 -0.063 -0.010
J7      0.229  1.000  0.494  0.517 -0.139 -0.167 -0.198 -0.138  0.141  0.080  0.129  0.211  0.040  0.132  0.119  0.122
ZF      0.010  0.494  1.000  0.959  0.054  0.022  0.040  0.018  0.201  0.089  0.131  0.265  0.036  0.163  0.006  0.021
ZN      0.023  0.517  0.959  1.000  0.027  0.000  0.019 -0.010  0.182  0.054  0.108  0.280  0.050  0.175 -0.003  0.007
M2K     0.282 -0.139  0.054  0.027  1.000  0.918  0.913  0.875 -0.139 -0.016 -0.173 -0.177  0.151 -0.082 -0.048  0.040
MES     0.315 -0.167  0.022  0.000  0.918  1.000  0.966  0.968 -0.140  0.031 -0.170 -0.197  0.240 -0.066 -0.024  0.092
MNQ     0.245 -0.198  0.040  0.019  0.913  0.966  1.000  0.888 -0.138 -0.002 -0.172 -0.195  0.201 -0.071 -0.071  0.058
MYM     0.370 -0.138  0.018 -0.010  0.875  0.968  0.888  1.000 -0.166  0.030 -0.197 -0.223  0.234 -0.089 -0.013  0.078
YC     -0.189  0.141  0.201  0.182 -0.139 -0.140 -0.138 -0.166  1.000  0.574  0.692  0.433  0.231  0.431  0.388  0.257
YK      0.117  0.080  0.089  0.054 -0.016  0.031 -0.002  0.030  0.574  1.000  0.381  0.383  0.455  0.437  0.439  0.243
YW     -0.229  0.129  0.131  0.108 -0.173 -0.170 -0.172 -0.197  0.692  0.381  1.000  0.357  0.093  0.351  0.383  0.215
MGC     0.114  0.211  0.265  0.280 -0.177 -0.197 -0.195 -0.223  0.433  0.383  0.357  1.000  0.421  0.831  0.404  0.134
MHG     0.262  0.040  0.036  0.050  0.151  0.240  0.201  0.234  0.231  0.455  0.093  0.421  1.000  0.538  0.403  0.193
SIL     0.126  0.132  0.163  0.175 -0.082 -0.066 -0.071 -0.089  0.431  0.437  0.351  0.831  0.538  1.000  0.427  0.181
MCL    -0.063  0.119  0.006 -0.003 -0.048 -0.024 -0.071 -0.013  0.388  0.439  0.383  0.404  0.403  0.427  1.000  0.196
QG     -0.010  0.122  0.021  0.007  0.040  0.092  0.058  0.078  0.257  0.243  0.215  0.134  0.193  0.181  0.196  1.000
SumABS  3.584  3.855  3.508  3.414  5.035  5.316  5.176  5.297  5.303  4.331  4.782  5.625  4.547  5.101  3.986  2.847
---------------- End Correlation Report - Returns ----------------


---------------- Covariance Report - Account: Uxxxxx30 ----------------

As at: 2022-06-24 15:56:02 (Chicago)
Covariance of Returns - 128 Days
---------------------------------
           E7     J7     ZF     ZN     M2K    MES     MNQ    MYM      YC     YK      YW    MGC     MHG     SIL     MCL      QG
E7      0.337  0.080  0.002  0.006   0.304  0.289   0.311  0.273  -0.178  0.083  -0.388  0.066   0.247   0.131  -0.106  -0.026
J7      0.080  0.363  0.106  0.153  -0.155 -0.159  -0.260 -0.105   0.137  0.059   0.228  0.127   0.039   0.142   0.208   0.322
ZF      0.002  0.106  0.121  0.164   0.035  0.012   0.031  0.008   0.113  0.038   0.133  0.092   0.020   0.101   0.006   0.032
ZN      0.006  0.153  0.164  0.235   0.024  0.000   0.020 -0.006   0.141  0.032   0.151  0.135   0.039   0.149  -0.005   0.014
M2K     0.304 -0.155  0.035  0.024   3.367  2.635   3.617  2.014  -0.409 -0.034  -0.915 -0.322   0.444  -0.266  -0.252   0.318
MES     0.289 -0.159  0.012  0.000   2.635  2.445   3.260  1.897  -0.352  0.058  -0.768 -0.305   0.601  -0.182  -0.106   0.624
MNQ     0.311 -0.260  0.031  0.020   3.617  3.260   4.663  2.402  -0.477 -0.004  -1.076 -0.417   0.693  -0.270  -0.441   0.549
MYM     0.273 -0.105  0.008 -0.006   2.014  1.897   2.402  1.571  -0.332  0.046  -0.715 -0.276   0.469  -0.196  -0.048   0.427
YC     -0.178  0.137  0.113  0.141  -0.409 -0.352  -0.477 -0.332   2.563  1.111   3.204  0.686   0.591   1.216   1.781   1.791
YK      0.083  0.059  0.038  0.032  -0.034  0.058  -0.004  0.046   1.111  1.460   1.330  0.458   0.880   0.931   1.522   1.274
YW     -0.388  0.228  0.133  0.151  -0.915 -0.768  -1.076 -0.715   3.204  1.330   8.356  1.022   0.432   1.790   3.173   2.701
MGC     0.066  0.127  0.092  0.135  -0.322 -0.305  -0.417 -0.276   0.686  0.458   1.022  0.979   0.667   1.450   1.147   0.574
MHG     0.247  0.039  0.020  0.039   0.444  0.601   0.693  0.469   0.591  0.880   0.432  0.667   2.561   1.517   1.849   1.340
SIL     0.131  0.142  0.101  0.149  -0.266 -0.182  -0.270 -0.196   1.216  0.931   1.790  1.450   1.517   3.106   2.161   1.386
MCL    -0.106  0.208  0.006 -0.005  -0.252 -0.106  -0.441 -0.048   1.781  1.522   3.173  1.147   1.849   2.161   8.234   2.447
QG     -0.026  0.322  0.032  0.014   0.318  0.624   0.549  0.427   1.791  1.274   2.701  0.574   1.340   1.386   2.447  18.884
Sum     1.432  1.287  1.016  1.254  10.405  9.951  12.599  7.428  11.587  9.244  18.659  6.085  12.388  13.166  21.571  32.659
Weight  0.065  0.065  0.095  0.095   0.060  0.060   0.060  0.060   0.050  0.050   0.050  0.050   0.050   0.050   0.070   0.070
Vol     0.093  0.084  0.096  0.119   0.624  0.597   0.756  0.446   0.579  0.462   0.933  0.304   0.619   0.658   1.510   2.286

Theoretical portfolio volatility (fully invested): 10.17
---------------- End Covariance Report - Returns ----------------
