---------------- Correlation Report - Account: Uxxxxx30 ----------------

As at: 2022-06-02 15:56:02 (Chicago)


Correlation of Returns - 128 Days

           E7     J7     ZF     ZN    M2K    MES    MNQ    MYM     YC     YK     YW    MGC    MHG    SIL    MCL     QG
E7      1.000  0.194 -0.105 -0.071  0.295  0.323  0.252  0.377 -0.263  0.070 -0.258  0.084  0.260  0.098 -0.101 -0.027
J7      0.194  1.000  0.551  0.582 -0.140 -0.178 -0.211 -0.146  0.139  0.164  0.080  0.209  0.070  0.127  0.075  0.094
ZF     -0.105  0.551  1.000  0.952 -0.032 -0.080 -0.052 -0.086  0.291  0.140  0.141  0.242  0.061  0.146  0.055 -0.011
ZN     -0.071  0.582  0.952  1.000 -0.050 -0.082 -0.058 -0.092  0.256  0.106  0.116  0.254  0.096  0.168  0.054 -0.030
M2K     0.295 -0.140 -0.032 -0.050  1.000  0.904  0.907  0.842 -0.140 -0.010 -0.094 -0.208  0.145 -0.113  0.014  0.024
MES     0.323 -0.178 -0.080 -0.082  0.904  1.000  0.964  0.957 -0.118  0.049 -0.096 -0.231  0.223 -0.106  0.025  0.102
MNQ     0.252 -0.211 -0.052 -0.058  0.907  0.964  1.000  0.864 -0.119  0.024 -0.109 -0.231  0.185 -0.111 -0.012  0.090
MYM     0.377 -0.146 -0.086 -0.092  0.842  0.957  0.864  1.000 -0.147  0.032 -0.120 -0.250  0.214 -0.128  0.025  0.063
YC     -0.263  0.139  0.291  0.256 -0.140 -0.118 -0.119 -0.147  1.000  0.583  0.647  0.454  0.192  0.467  0.398  0.178
YK      0.070  0.164  0.140  0.106 -0.010  0.049  0.024  0.032  0.583  1.000  0.307  0.398  0.394  0.451  0.423  0.184
YW     -0.258  0.080  0.141  0.116 -0.094 -0.096 -0.109 -0.120  0.647  0.307  1.000  0.311  0.088  0.322  0.410  0.129
MGC     0.084  0.209  0.242  0.254 -0.208 -0.231 -0.231 -0.250  0.454  0.398  0.311  1.000  0.439  0.838  0.420  0.086
MHG     0.260  0.070  0.061  0.096  0.145  0.223  0.185  0.214  0.192  0.394  0.088  0.439  1.000  0.543  0.391  0.107
SIL     0.098  0.127  0.146  0.168 -0.113 -0.106 -0.111 -0.128  0.467  0.451  0.322  0.838  0.543  1.000  0.438  0.115
MCL    -0.101  0.075  0.055  0.054  0.014  0.025 -0.012  0.025  0.398  0.423  0.410  0.420  0.391  0.438  1.000  0.146
QG     -0.027  0.094 -0.011 -0.030  0.024  0.102  0.090  0.063  0.178  0.184  0.129  0.086  0.107  0.115  0.146  1.000
SumABS  3.781  3.960  3.942  3.966  4.917  5.437  5.188  5.343  5.394  4.334  4.227  5.655  4.409  5.169  3.986  2.383
---------------- End Correlation Report - Returns ----------------
