---------------- Correlation Report - Account: Uxxxxx30 ----------------

As at: 2022-06-10 15:56:02 (Chicago)


Correlation of Returns - 128 Days

           E7     J7     ZF     ZN    M2K    MES    MNQ    MYM     YC     YK     YW    MGC    MHG    SIL    MCL     QG
E7      1.000  0.183 -0.056 -0.032  0.320  0.355  0.276  0.415 -0.261  0.067 -0.257  0.063  0.279  0.092 -0.092 -0.044
J7      0.183  1.000  0.529  0.564 -0.103 -0.147 -0.186 -0.116  0.106  0.150  0.076  0.204  0.098  0.125  0.080  0.071
ZF     -0.056  0.529  1.000  0.953  0.012 -0.026 -0.009 -0.028  0.277  0.166  0.122  0.214  0.099  0.137  0.058 -0.009
ZN     -0.032  0.564  0.953  1.000 -0.010 -0.035 -0.021 -0.042  0.246  0.134  0.096  0.234  0.126  0.161  0.056 -0.030
M2K     0.320 -0.103  0.012 -0.010  1.000  0.909  0.908  0.857 -0.127  0.022 -0.100 -0.211  0.145 -0.111 -0.016  0.061
MES     0.355 -0.147 -0.026 -0.035  0.909  1.000  0.964  0.963 -0.107  0.081 -0.090 -0.232  0.249 -0.097  0.008  0.124
MNQ     0.276 -0.186 -0.009 -0.021  0.908  0.964  1.000  0.874 -0.105  0.059 -0.103 -0.229  0.209 -0.106 -0.033  0.105
MYM     0.415 -0.116 -0.028 -0.042  0.857  0.963  0.874  1.000 -0.139  0.063 -0.113 -0.251  0.245 -0.110  0.017  0.096
YC     -0.261  0.106  0.277  0.246 -0.127 -0.107 -0.105 -0.139  1.000  0.584  0.647  0.446  0.189  0.469  0.394  0.184
YK      0.067  0.150  0.166  0.134  0.022  0.081  0.059  0.063  0.584  1.000  0.303  0.385  0.406  0.446  0.420  0.173
YW     -0.257  0.076  0.122  0.096 -0.100 -0.090 -0.103 -0.113  0.647  0.303  1.000  0.304  0.084  0.323  0.390  0.159
MGC     0.063  0.204  0.214  0.234 -0.211 -0.232 -0.229 -0.251  0.446  0.385  0.304  1.000  0.437  0.833  0.407  0.057
MHG     0.279  0.098  0.099  0.126  0.145  0.249  0.209  0.245  0.189  0.406  0.084  0.437  1.000  0.548  0.387  0.113
SIL     0.092  0.125  0.137  0.161 -0.111 -0.097 -0.106 -0.110  0.469  0.446  0.323  0.833  0.548  1.000  0.427  0.111
MCL    -0.092  0.080  0.058  0.056 -0.016  0.008 -0.033  0.017  0.394  0.420  0.390  0.407  0.387  0.427  1.000  0.157
QG     -0.044  0.071 -0.009 -0.030  0.061  0.124  0.105  0.096  0.184  0.173  0.159  0.057  0.113  0.111  0.157  1.000
SumABS  3.791  3.740  3.695  3.738  4.913  5.386  5.186  5.330  5.281  4.459  4.167  5.506  4.613  5.095  3.941  2.494
---------------- End Correlation Report - Returns ----------------
