---------------- Correlation Report - Account: Uxxxxx30 ----------------

As at: 2022-06-01 15:56:02 (Chicago)


Correlation of Returns - 128 Days

           E7     J7     ZF     ZN    M2K    MES    MNQ    MYM     YC     YK     YW    MGC    MHG    SIL    MCL     QG
E7      1.000  0.182 -0.098 -0.066  0.279  0.309  0.240  0.363 -0.257  0.055 -0.268  0.075  0.230  0.089 -0.107 -0.017
J7      0.182  1.000  0.551  0.581 -0.166 -0.200 -0.230 -0.168  0.144  0.150  0.078  0.210  0.052  0.137  0.075  0.091
ZF     -0.098  0.551  1.000  0.951 -0.040 -0.087 -0.059 -0.092  0.292  0.136  0.138  0.237  0.051  0.144  0.055 -0.009
ZN     -0.066  0.581  0.951  1.000 -0.058 -0.089 -0.065 -0.098  0.257  0.101  0.114  0.250  0.086  0.166  0.053 -0.028
M2K     0.279 -0.166 -0.040 -0.058  1.000  0.903  0.901  0.843 -0.133 -0.019 -0.093 -0.238  0.123 -0.125  0.014  0.024
MES     0.309 -0.200 -0.087 -0.089  0.903  1.000  0.963  0.956 -0.111  0.039 -0.097 -0.257  0.204 -0.118  0.025  0.102
MNQ     0.240 -0.230 -0.059 -0.065  0.901  0.963  1.000  0.859 -0.115  0.008 -0.114 -0.253  0.159 -0.124 -0.015  0.096
MYM     0.363 -0.168 -0.092 -0.098  0.843  0.956  0.859  1.000 -0.138  0.026 -0.117 -0.277  0.201 -0.138  0.026  0.058
YC     -0.257  0.144  0.292  0.257 -0.133 -0.111 -0.115 -0.138  1.000  0.593  0.649  0.449  0.211  0.472  0.401  0.167
YK      0.055  0.150  0.136  0.101 -0.019  0.039  0.008  0.026  0.593  1.000  0.306  0.378  0.374  0.442  0.423  0.191
YW     -0.268  0.078  0.138  0.114 -0.093 -0.097 -0.114 -0.117  0.649  0.306  1.000  0.298  0.081  0.320  0.411  0.124
MGC     0.075  0.210  0.237  0.250 -0.238 -0.257 -0.253 -0.277  0.449  0.378  0.298  1.000  0.414  0.832  0.412  0.105
MHG     0.230  0.052  0.051  0.086  0.123  0.204  0.159  0.201  0.211  0.374  0.081  0.414  1.000  0.540  0.400  0.131
SIL     0.089  0.137  0.144  0.166 -0.125 -0.118 -0.124 -0.138  0.472  0.442  0.320  0.832  0.540  1.000  0.436  0.122
MCL    -0.107  0.075  0.055  0.053  0.014  0.025 -0.015  0.026  0.401  0.423  0.411  0.412  0.400  0.436  1.000  0.144
QG     -0.017  0.091 -0.009 -0.028  0.024  0.102  0.096  0.058  0.167  0.191  0.124  0.105  0.131  0.122  0.144  1.000
SumABS  3.635  4.014  3.939  3.963  4.960  5.459  5.201  5.362  5.389  4.242  4.208  5.684  4.257  5.205  3.996  2.409
---------------- End Correlation Report - Returns ----------------
