---------------- Correlation Report - Account: Uxxxxx30 ----------------
As at: 2022-07-08 15:56:02 (Chicago)
Correlation of Returns - 128 Days
---------------------------------
           E7     J7     ZF     ZN    M2K    MES    MNQ    MYM     YC     YK     YW    MGC    MHG    SIL    MCL     QG
E7      1.000  0.232 -0.012 -0.018  0.287  0.304  0.229  0.360 -0.143  0.166 -0.183  0.141  0.271  0.146  0.015 -0.020
J7      0.232  1.000  0.498  0.518 -0.126 -0.154 -0.192 -0.122  0.105  0.053  0.108  0.218  0.028  0.127  0.112  0.072
ZF     -0.012  0.498  1.000  0.974  0.036  0.007  0.025  0.003  0.064 -0.046  0.037  0.233 -0.057  0.087 -0.057 -0.059
ZN     -0.018  0.518  0.974  1.000  0.027 -0.002  0.019 -0.010  0.060 -0.058  0.018  0.219 -0.050  0.078 -0.063 -0.068
M2K     0.287 -0.126  0.036  0.027  1.000  0.918  0.909  0.879 -0.140 -0.031 -0.164 -0.151  0.150 -0.066 -0.035  0.089
MES     0.304 -0.154  0.007 -0.002  0.918  1.000  0.966  0.970 -0.124  0.012 -0.161 -0.184  0.227 -0.057 -0.012  0.126
MNQ     0.229 -0.192  0.025  0.019  0.909  0.966  1.000  0.893 -0.124 -0.021 -0.163 -0.184  0.186 -0.056 -0.078  0.087
MYM     0.360 -0.122  0.003 -0.010  0.879  0.970  0.893  1.000 -0.142  0.016 -0.184 -0.211  0.227 -0.085  0.009  0.119
YC     -0.143  0.105  0.064  0.060 -0.140 -0.124 -0.124 -0.142  1.000  0.600  0.720  0.450  0.275  0.461  0.437  0.300
YK      0.166  0.053 -0.046 -0.058 -0.031  0.012 -0.021  0.016  0.600  1.000  0.459  0.414  0.538  0.485  0.479  0.257
YW     -0.183  0.108  0.037  0.018 -0.164 -0.161 -0.163 -0.184  0.720  0.459  1.000  0.372  0.159  0.381  0.417  0.239
MGC     0.141  0.218  0.233  0.219 -0.151 -0.184 -0.184 -0.211  0.450  0.414  0.372  1.000  0.428  0.805  0.457  0.160
MHG     0.271  0.028 -0.057 -0.050  0.150  0.227  0.186  0.227  0.275  0.538  0.159  0.428  1.000  0.543  0.476  0.278
SIL     0.146  0.127  0.087  0.078 -0.066 -0.057 -0.056 -0.085  0.461  0.485  0.381  0.805  0.543  1.000  0.457  0.200
MCL     0.015  0.112 -0.057 -0.063 -0.035 -0.012 -0.078  0.009  0.437  0.479  0.417  0.457  0.476  0.457  1.000  0.288
QG     -0.020  0.072 -0.059 -0.068  0.089  0.126  0.087  0.119  0.300  0.257  0.239  0.160  0.278  0.200  0.288  1.000
SumABS  3.528  3.666  3.193  3.181  5.008  5.223  5.133  5.228  5.144  4.635  4.764  5.628  4.894  5.035  4.390  3.363
---------------- End Correlation Report - Returns ----------------


---------------- Covariance Report - Account: Uxxxxx30 ----------------
As at: 2022-07-08 15:56:02 (Chicago)
Covariance of Returns - 128 Days
---------------------------------
           E7     J7     ZF     ZN     M2K     MES     MNQ    MYM      YC      YK      YW    MGC     MHG     SIL     MCL      QG
E7      0.357  0.084 -0.003 -0.006   0.321   0.293   0.304  0.277  -0.155   0.143  -0.341  0.085   0.286   0.155   0.026  -0.059
J7      0.084  0.365  0.111  0.161  -0.142  -0.150  -0.257 -0.095   0.115   0.047   0.202  0.132   0.030   0.137   0.201   0.212
ZF     -0.003  0.111  0.132  0.180   0.024   0.004   0.020  0.001   0.042  -0.024   0.041  0.084  -0.036   0.056  -0.061  -0.103
ZN     -0.006  0.161  0.180  0.258   0.025  -0.001   0.021 -0.006   0.055  -0.042   0.027  0.110  -0.044   0.069  -0.094  -0.165
M2K     0.321 -0.142  0.024  0.025   3.399   2.681   3.666  2.058  -0.459  -0.082  -0.925 -0.275   0.480  -0.215  -0.192   0.786
MES     0.293 -0.150  0.004 -0.001   2.681   2.511   3.346  1.953  -0.350   0.027  -0.780 -0.288   0.625  -0.158  -0.054   0.960
MNQ     0.304 -0.257  0.020  0.021   3.666   3.346   4.781  2.479  -0.483  -0.065  -1.092 -0.398   0.708  -0.217  -0.499   0.914
MYM     0.277 -0.095  0.001 -0.006   2.058   1.953   2.479  1.614  -0.322   0.028  -0.717 -0.264   0.500  -0.189   0.035   0.727
YC     -0.155  0.115  0.042  0.055  -0.459  -0.350  -0.483 -0.322   3.189   1.522   3.939  0.794   0.853   1.448   2.291   2.568
YK      0.143  0.047 -0.024 -0.042  -0.082   0.027  -0.065  0.028   1.522   2.020   1.996  0.582   1.328   1.212   1.996   1.756
YW     -0.341  0.202  0.041  0.027  -0.925  -0.780  -1.092 -0.717   3.939   1.996   9.379  1.128   0.847   2.049   3.744   3.518
MGC     0.085  0.132  0.084  0.110  -0.275  -0.288  -0.398 -0.264   0.794   0.582   1.128  0.978   0.735   1.399   1.326   0.760
MHG     0.286  0.030 -0.036 -0.044   0.480   0.625   0.708  0.500   0.853   1.328   0.847  0.735   3.015   1.657   2.425   2.321
SIL     0.155  0.137  0.056  0.069  -0.215  -0.158  -0.217 -0.189   1.448   1.212   2.049  1.399   1.657   3.087   2.354   1.685
MCL     0.026  0.201 -0.061 -0.094  -0.192  -0.054  -0.499  0.035   2.291   1.996   3.744  1.326   2.425   2.354   8.611   4.053
QG     -0.059  0.212 -0.103 -0.165   0.786   0.960   0.914  0.727   2.568   1.756   3.518  0.760   2.321   1.685   4.053  23.042
Sum     1.768  1.154  0.468  0.550  11.151  10.618  13.228  8.080  15.046  12.443  23.016  6.886  15.730  14.528  26.162  42.975
Weight  0.065  0.065  0.095  0.095   0.060   0.060   0.060  0.060   0.050   0.050   0.050  0.050   0.050   0.050   0.070   0.070
Vol     0.115  0.075  0.044  0.052   0.669   0.637   0.794  0.485   0.752   0.622   1.151  0.344   0.786   0.726   1.831   3.008

Theoretical portfolio volatility (when fully weighted): 12.09
---------------- End Covariance Report - Returns ----------------
