---------------- Correlation Report - Account: Uxxxxx30 ----------------

As at: 2022-06-20 15:56:02 (Chicago)


Correlation of Returns - 128 Days

           E7     J7     ZF     ZN    M2K    MES    MNQ    MYM     YC     YK     YW    MGC    MHG    SIL    MCL     QG
E7      1.000  0.248  0.007  0.024  0.283  0.316  0.247  0.373 -0.220  0.099 -0.215  0.118  0.268  0.130 -0.062 -0.020
J7      0.248  1.000  0.489  0.507 -0.147 -0.168 -0.205 -0.134  0.133  0.152  0.126  0.223  0.098  0.160  0.139  0.144
ZF      0.007  0.489  1.000  0.957  0.050  0.019  0.035  0.017  0.287  0.196  0.123  0.278  0.108  0.200  0.039  0.043
ZN      0.024  0.507  0.957  1.000  0.031  0.009  0.023  0.002  0.256  0.165  0.097  0.294  0.130  0.217  0.035  0.028
M2K     0.283 -0.147  0.050  0.031  1.000  0.918  0.911  0.876 -0.127  0.046 -0.103 -0.170  0.198 -0.067 -0.038  0.061
MES     0.316 -0.168  0.019  0.009  0.918  1.000  0.966  0.967 -0.103  0.104 -0.088 -0.190  0.293 -0.056 -0.019  0.124
MNQ     0.247 -0.205  0.035  0.023  0.911  0.966  1.000  0.887 -0.100  0.074 -0.105 -0.188  0.252 -0.058 -0.065  0.087
MYM     0.373 -0.134  0.017  0.002  0.876  0.967  0.887  1.000 -0.139  0.085 -0.108 -0.218  0.283 -0.082 -0.011  0.108
YC     -0.220  0.133  0.287  0.256 -0.127 -0.103 -0.100 -0.139  1.000  0.584  0.647  0.456  0.184  0.483  0.390  0.191
YK      0.099  0.152  0.196  0.165  0.046  0.104  0.074  0.085  0.584  1.000  0.312  0.421  0.422  0.477  0.428  0.189
YW     -0.215  0.126  0.123  0.097 -0.103 -0.088 -0.105 -0.108  0.647  0.312  1.000  0.309  0.083  0.325  0.411  0.192
MGC     0.118  0.223  0.278  0.294 -0.170 -0.190 -0.188 -0.218  0.456  0.421  0.309  1.000  0.420  0.832  0.403  0.119
MHG     0.268  0.098  0.108  0.130  0.198  0.293  0.252  0.283  0.184  0.422  0.083  0.420  1.000  0.526  0.398  0.162
SIL     0.130  0.160  0.200  0.217 -0.067 -0.056 -0.058 -0.082  0.483  0.477  0.325  0.832  0.526  1.000  0.419  0.166
MCL    -0.062  0.139  0.039  0.035 -0.038 -0.019 -0.065 -0.011  0.390  0.428  0.411  0.403  0.398  0.419  1.000  0.192
QG     -0.020  0.144  0.043  0.028  0.061  0.124  0.087  0.108  0.191  0.189  0.192  0.119  0.162  0.166  0.192  1.000
SumABS  3.630  4.071  3.846  3.775  5.025  5.340  5.200  5.288  5.300  4.754  4.245  5.640  4.825  5.200  4.049  2.824
---------------- End Correlation Report - Returns ----------------
