---------------- Correlation Report - Account: Uxxxxx30 ----------------
As at: 2022-06-28 15:56:02 (Chicago)
Correlation of Returns - 128 Days
---------------------------------
           E7     J7     ZF     ZN    M2K    MES    MNQ    MYM     YC     YK     YW    MGC    MHG    SIL    MCL     QG
E7      1.000  0.233  0.005  0.021  0.287  0.318  0.249  0.373 -0.204  0.102 -0.238  0.116  0.266  0.138 -0.064 -0.006
J7      0.233  1.000  0.491  0.514 -0.133 -0.159 -0.188 -0.131  0.140  0.069  0.127  0.212  0.042  0.136  0.115  0.120
ZF      0.005  0.491  1.000  0.959  0.050  0.021  0.039  0.016  0.211  0.089  0.136  0.265  0.032  0.159  0.004  0.016
ZN      0.021  0.514  0.959  1.000  0.027  0.002  0.021 -0.008  0.197  0.056  0.115  0.280  0.047  0.170 -0.005  0.001
M2K     0.287 -0.133  0.050  0.027  1.000  0.918  0.912  0.877 -0.150 -0.027 -0.181 -0.172  0.153 -0.074 -0.049  0.041
MES     0.318 -0.159  0.021  0.002  0.918  1.000  0.966  0.969 -0.141  0.015 -0.175 -0.189  0.240 -0.056 -0.027  0.089
MNQ     0.249 -0.188  0.039  0.021  0.912  0.966  1.000  0.890 -0.137 -0.020 -0.178 -0.187  0.200 -0.060 -0.076  0.054
MYM     0.373 -0.131  0.016 -0.008  0.877  0.969  0.890  1.000 -0.164  0.015 -0.201 -0.215  0.235 -0.079 -0.017  0.077
YC     -0.204  0.140  0.211  0.197 -0.150 -0.141 -0.137 -0.164  1.000  0.556  0.691  0.436  0.218  0.424  0.375  0.240
YK      0.102  0.069  0.089  0.056 -0.027  0.015 -0.020  0.015  0.556  1.000  0.380  0.376  0.449  0.422  0.442  0.246
YW     -0.238  0.127  0.136  0.115 -0.181 -0.175 -0.178 -0.201  0.691  0.380  1.000  0.357  0.088  0.346  0.380  0.209
MGC     0.116  0.212  0.265  0.280 -0.172 -0.189 -0.187 -0.215  0.436  0.376  0.357  1.000  0.420  0.830  0.403  0.130
MHG     0.266  0.042  0.032  0.047  0.153  0.240  0.200  0.235  0.218  0.449  0.088  0.420  1.000  0.538  0.403  0.194
SIL     0.138  0.136  0.159  0.170 -0.074 -0.056 -0.060 -0.079  0.424  0.422  0.346  0.830  0.538  1.000  0.422  0.178
MCL    -0.064  0.115  0.004 -0.005 -0.049 -0.027 -0.076 -0.017  0.375  0.442  0.380  0.403  0.403  0.422  1.000  0.201
QG     -0.006  0.120  0.016  0.001  0.041  0.089  0.054  0.077  0.240  0.246  0.209  0.130  0.194  0.178  0.201  1.000
SumABS  3.621  3.812  3.494  3.422  5.049  5.285  5.175  5.268  5.285  4.263  4.802  5.588  4.525  5.033  3.983  2.801
---------------- End Correlation Report - Returns ----------------


---------------- Covariance Report - Account: Uxxxxx30 ----------------
As at: 2022-06-28 15:56:02 (Chicago)
Covariance of Returns - 128 Days
---------------------------------
           E7     J7     ZF     ZN     M2K     MES     MNQ    MYM      YC     YK      YW    MGC     MHG     SIL     MCL      QG
E7      0.339  0.082  0.001  0.006   0.311   0.295   0.320  0.277  -0.195  0.074  -0.407  0.068   0.251   0.143  -0.109  -0.016
J7      0.082  0.364  0.104  0.152  -0.149  -0.153  -0.250 -0.101   0.139  0.052   0.225  0.128   0.041   0.147   0.202   0.319
ZF      0.001  0.104  0.120  0.162   0.032   0.011   0.030  0.007   0.119  0.038   0.137  0.091   0.018   0.098   0.004   0.025
ZN      0.006  0.152  0.162  0.236   0.024   0.001   0.022 -0.005   0.155  0.033   0.161  0.134   0.036   0.146  -0.007   0.002
M2K     0.311 -0.149  0.032  0.024   3.389   2.663   3.654  2.036  -0.447 -0.060  -0.966 -0.314   0.450  -0.239  -0.259   0.327
MES     0.295 -0.153  0.011  0.001   2.663   2.481   3.312  1.925  -0.358  0.029  -0.800 -0.295   0.605  -0.156  -0.122   0.610
MNQ     0.320 -0.250  0.030  0.022   3.654   3.312   4.738  2.443  -0.481 -0.052  -1.121 -0.403   0.696  -0.231  -0.473   0.512
MYM     0.277 -0.101  0.007 -0.005   2.036   1.925   2.443  1.592  -0.335  0.024  -0.735 -0.268   0.475  -0.177  -0.061   0.422
YC     -0.195  0.139  0.119  0.155  -0.447  -0.358  -0.481 -0.335   2.622  1.100   3.244  0.699   0.565   1.212   1.748   1.693
YK      0.074  0.052  0.038  0.033  -0.060   0.029  -0.052  0.024   1.100  1.495   1.344  0.455   0.879   0.910   1.555   1.309
YW     -0.407  0.225  0.137  0.161  -0.966  -0.800  -1.121 -0.735   3.244  1.344   8.393  1.024   0.406   1.771   3.168   2.634
MGC     0.068  0.128  0.091  0.134  -0.314  -0.295  -0.403 -0.268   0.699  0.455   1.024  0.980   0.665   1.451   1.146   0.560
MHG     0.251  0.041  0.018  0.036   0.450   0.605   0.696  0.475   0.565  0.879   0.406  0.665   2.561   1.520   1.857   1.350
SIL     0.143  0.147  0.098  0.146  -0.239  -0.156  -0.231 -0.177   1.212  0.910   1.771  1.451   1.520   3.117   2.144   1.372
MCL    -0.109  0.202  0.004 -0.007  -0.259  -0.122  -0.473 -0.061   1.748  1.555   3.168  1.146   1.857   2.144   8.275   2.516
QG     -0.016  0.319  0.025  0.002   0.327   0.610   0.512  0.422   1.693  1.309   2.634  0.560   1.350   1.372   2.516  18.985
Sum     1.440  1.303  0.998  1.260  10.452  10.048  12.714  7.521  11.480  9.184  18.480  6.120  12.376  13.228  21.585  32.620
Weight  0.065  0.065  0.095  0.095   0.060   0.060   0.060  0.060   0.050  0.050   0.050  0.050   0.050   0.050   0.070   0.070
Vol     0.094  0.085  0.095  0.120   0.627   0.603   0.763  0.451   0.574  0.459   0.924  0.306   0.619   0.661   1.511   2.283

Theoretical portfolio volatility (when fully weighted): 10.18
---------------- End Covariance Report - Returns ----------------
