---------------- Correlation Report - Account: Uxxxxx30 ----------------
As at: 2022-07-20 15:56:02 (Chicago)
Correlation of Returns - 128 Days
---------------------------------
           E7     J7     ZF     ZN    M2K    MES    MNQ    MYM     YC     YK     YW    MGC    MHG    SIL    MCL     QG
E7      1.000  0.233 -0.049 -0.058  0.310  0.315  0.242  0.368 -0.118  0.156 -0.144  0.145  0.270  0.162  0.043 -0.034
J7      0.233  1.000  0.486  0.495 -0.093 -0.140 -0.180 -0.104  0.040  0.025  0.127  0.223  0.029  0.146  0.104  0.064
ZF     -0.049  0.486  1.000  0.974 -0.002 -0.022 -0.005 -0.026  0.016 -0.056  0.023  0.222 -0.084  0.103 -0.065 -0.044
ZN     -0.058  0.495  0.974  1.000 -0.002 -0.025 -0.007 -0.030  0.010 -0.073 -0.006  0.203 -0.087  0.088 -0.075 -0.041
M2K     0.310 -0.093 -0.002 -0.002  1.000  0.920  0.913  0.879 -0.128 -0.050 -0.142 -0.139  0.175 -0.008 -0.021  0.071
MES     0.315 -0.140 -0.022 -0.025  0.920  1.000  0.965  0.971 -0.112 -0.006 -0.149 -0.183  0.225 -0.026  0.001  0.099
MNQ     0.242 -0.180 -0.005 -0.007  0.913  0.965  1.000  0.892 -0.107 -0.042 -0.150 -0.192  0.187 -0.037 -0.070  0.064
MYM     0.368 -0.104 -0.026 -0.030  0.879  0.971  0.892  1.000 -0.129 -0.003 -0.174 -0.202  0.219 -0.043  0.026  0.096
YC     -0.118  0.040  0.016  0.010 -0.128 -0.112 -0.107 -0.129  1.000  0.643  0.673  0.373  0.306  0.390  0.425  0.312
YK      0.156  0.025 -0.056 -0.073 -0.050 -0.006 -0.042 -0.003  0.643  1.000  0.479  0.404  0.554  0.473  0.528  0.286
YW     -0.144  0.127  0.023 -0.006 -0.142 -0.149 -0.150 -0.174  0.673  0.479  1.000  0.374  0.225  0.372  0.442  0.244
MGC     0.145  0.223  0.222  0.203 -0.139 -0.183 -0.192 -0.202  0.373  0.404  0.374  1.000  0.422  0.810  0.452  0.158
MHG     0.270  0.029 -0.084 -0.087  0.175  0.225  0.187  0.219  0.306  0.554  0.225  0.422  1.000  0.543  0.520  0.322
SIL     0.162  0.146  0.103  0.088 -0.008 -0.026 -0.037 -0.043  0.390  0.473  0.372  0.810  0.543  1.000  0.457  0.244
MCL     0.043  0.104 -0.065 -0.075 -0.021  0.001 -0.070  0.026  0.425  0.528  0.442  0.452  0.520  0.457  1.000  0.301
QG     -0.034  0.064 -0.044 -0.041  0.071  0.099  0.064  0.096  0.312  0.286  0.244  0.158  0.322  0.244  0.301  1.000
SumABS  3.645  3.488  3.175  3.174  4.853  5.159  5.051  5.162  4.780  4.778  4.725  5.502  5.166  4.902  4.530  3.380
---------------- End Correlation Report - Returns ----------------


---------------- Covariance Report - Account: Uxxxxx30 ----------------
As at: 2022-07-20 15:56:02 (Chicago)
Covariance of Returns (Position Weighted) - 128 Days
----------------------------------------------------
        E7     J7     ZF   ZN     M2K    MES  MNQ    MYM      YC     YK     YW    MGC     MHG    SIL    MCL   QG
E7   0.370  0.086 -0.011  0.0   0.689  0.301  0.0  0.284  -0.266  0.139 -0.268  0.257   0.572  0.171  0.077  0.0
J7   0.086  0.367  0.105  0.0  -0.205 -0.134  0.0 -0.080   0.090  0.022  0.235  0.394   0.061  0.153  0.188  0.0
ZF  -0.011  0.105  0.127  0.0  -0.003 -0.012  0.0 -0.012   0.021 -0.029  0.025  0.230  -0.104  0.063 -0.069  0.0
ZN   0.000  0.000  0.000  0.0   0.000  0.000  0.0  0.000   0.000  0.000  0.000  0.000   0.000  0.000  0.000  0.0
M2K  0.689 -0.205 -0.003  0.0  13.375  5.288  0.0  4.086  -1.743 -0.271 -1.587 -1.478   2.230 -0.049 -0.232  0.0
MES  0.301 -0.134 -0.012  0.0   5.288  2.471  0.0  1.940  -0.651 -0.015 -0.720 -0.838   1.233 -0.072  0.003  0.0
MNQ  0.000  0.000  0.000  0.0   0.000  0.000  0.0  0.000   0.000  0.000  0.000  0.000   0.000  0.000  0.000  0.0
MYM  0.284 -0.080 -0.012  0.0   4.086  1.940  0.0  1.615  -0.611 -0.005 -0.677 -0.745   0.973 -0.095  0.098  0.0
YC  -0.266  0.090  0.021  0.0  -1.743 -0.651  0.0 -0.611  13.774  3.504  7.646  4.023   3.960  2.505  4.716  0.0
YK   0.139  0.022 -0.029  0.0  -0.271 -0.015  0.0 -0.005   3.504  2.157  2.155  1.725   2.838  1.203  2.318  0.0
YW  -0.268  0.235  0.025  0.0  -1.587 -0.720  0.0 -0.677   7.646  2.155  9.377  3.330   2.400  1.974  4.041  0.0
MGC  0.257  0.394  0.230  0.0  -1.478 -0.838  0.0 -0.745   4.023  1.725  3.330  8.457   4.280  4.080  3.926  0.0
MHG  0.572  0.061 -0.104  0.0   2.230  1.233  0.0  0.973   3.960  2.838  2.400  4.280  12.181  3.281  5.421  0.0
SIL  0.171  0.153  0.063  0.0  -0.049 -0.072  0.0 -0.095   2.505  1.203  1.974  4.080   3.281  2.999  2.362  0.0
MCL  0.077  0.188 -0.069  0.0  -0.232  0.003  0.0  0.098   4.716  2.318  4.041  3.926   5.421  2.362  8.921  0.0
QG   0.000  0.000  0.000  0.0   0.000  0.000  0.0  0.000   0.000  0.000  0.000  0.000   0.000  0.000  0.000  0.0

Sum of Covariance Matrix: 237.63
Portfolio volatility: 15.42
(Square root of sum of Covariance matrix)
---------------- End Covariance Report - Returns ----------------
