---------------- Correlation Report - Account: Uxxxxx30 ----------------

As at: 2022-05-27 15:56:02 (Chicago)


Correlation of Returns - 128 Days

           E7     J7     ZF     ZN    M2K    MES    MNQ    MYM     YC     YK     YW    MGC    MHG    SIL    MCL     QG
E7      1.000  0.172 -0.121 -0.088  0.265  0.289  0.227  0.340 -0.307  0.034 -0.310  0.070  0.225  0.091 -0.125 -0.012
J7      0.172  1.000  0.537  0.568 -0.194 -0.235 -0.254 -0.206  0.080  0.119  0.021  0.207  0.042  0.132  0.042  0.094
ZF     -0.121  0.537  1.000  0.951 -0.042 -0.092 -0.059 -0.098  0.265  0.125  0.107  0.239  0.059  0.147  0.052 -0.002
ZN     -0.088  0.568  0.951  1.000 -0.063 -0.096 -0.066 -0.106  0.227  0.083  0.081  0.249  0.093  0.165  0.050 -0.029
M2K     0.265 -0.194 -0.042 -0.063  1.000  0.902  0.899  0.845 -0.136 -0.019 -0.094 -0.239  0.137 -0.117  0.032  0.035
MES     0.289 -0.235 -0.092 -0.096  0.902  1.000  0.962  0.956 -0.120  0.042 -0.101 -0.255  0.223 -0.114  0.049  0.112
MNQ     0.227 -0.254 -0.059 -0.066  0.899  0.962  1.000  0.858 -0.126  0.009 -0.118 -0.252  0.175 -0.121  0.004  0.099
MYM     0.340 -0.206 -0.098 -0.106  0.845  0.956  0.858  1.000 -0.140  0.033 -0.116 -0.273  0.221 -0.130  0.055  0.074
YC     -0.307  0.080  0.265  0.227 -0.136 -0.120 -0.126 -0.140  1.000  0.605  0.637  0.460  0.226  0.476  0.416  0.200
YK      0.034  0.119  0.125  0.083 -0.019  0.042  0.009  0.033  0.605  1.000  0.299  0.380  0.378  0.428  0.435  0.180
YW     -0.310  0.021  0.107  0.081 -0.094 -0.101 -0.118 -0.116  0.637  0.299  1.000  0.302  0.093  0.320  0.422  0.140
MGC     0.070  0.207  0.239  0.249 -0.239 -0.255 -0.252 -0.273  0.460  0.380  0.302  1.000  0.411  0.822  0.409  0.099
MHG     0.225  0.042  0.059  0.093  0.137  0.223  0.175  0.221  0.226  0.378  0.093  0.411  1.000  0.534  0.411  0.124
SIL     0.091  0.132  0.147  0.165 -0.117 -0.114 -0.121 -0.130  0.476  0.428  0.320  0.822  0.534  1.000  0.425  0.118
MCL    -0.125  0.042  0.052  0.050  0.032  0.049  0.004  0.055  0.416  0.435  0.422  0.409  0.411  0.425  1.000  0.152
QG     -0.012  0.094 -0.002 -0.029  0.035  0.112  0.099  0.074  0.200  0.180  0.140  0.099  0.124  0.118  0.152  1.000
SumABS  3.676  3.904  3.898  3.916  5.018  5.549  5.230  5.451  5.421  4.169  4.161  5.668  4.350  5.139  4.079  2.471
---------------- End Correlation Report - Returns ----------------
