---------------- Correlation Report - Account: Uxxxxx30 ----------------
As at: 2022-07-04 15:56:02 (Chicago)
Correlation of Returns - 128 Days
---------------------------------
           E7     J7     ZF     ZN    M2K    MES    MNQ    MYM     YC     YK     YW    MGC    MHG    SIL    MCL     QG
E7      1.000  0.232 -0.007 -0.007  0.291  0.315  0.248  0.369 -0.206  0.113 -0.232  0.098  0.253  0.128 -0.056 -0.029
J7      0.232  1.000  0.500  0.522 -0.129 -0.155 -0.192 -0.125  0.100  0.044  0.102  0.208  0.023  0.117  0.104  0.076
ZF     -0.007  0.500  1.000  0.972  0.048  0.024  0.039  0.022  0.124  0.023  0.077  0.244 -0.007  0.110 -0.024 -0.034
ZN     -0.007  0.522  0.972  1.000  0.034  0.012  0.028  0.008  0.122  0.019  0.061  0.241  0.006  0.108 -0.025 -0.036
M2K     0.291 -0.129  0.048  0.034  1.000  0.918  0.911  0.876 -0.140 -0.050 -0.178 -0.166  0.142 -0.075 -0.041  0.056
MES     0.315 -0.155  0.024  0.012  0.918  1.000  0.967  0.970 -0.133 -0.006 -0.174 -0.186  0.228 -0.060 -0.018  0.104
MNQ     0.248 -0.192  0.039  0.028  0.911  0.967  1.000  0.894 -0.121 -0.025 -0.170 -0.177  0.198 -0.054 -0.072  0.068
MYM     0.369 -0.125  0.022  0.008  0.876  0.970  0.894  1.000 -0.160 -0.011 -0.202 -0.214  0.220 -0.085 -0.007  0.094
YC     -0.206  0.100  0.124  0.122 -0.140 -0.133 -0.121 -0.160  1.000  0.551  0.702  0.439  0.243  0.442  0.395  0.302
YK      0.113  0.044  0.023  0.019 -0.050 -0.006 -0.025 -0.011  0.551  1.000  0.407  0.386  0.483  0.468  0.405  0.209
YW     -0.232  0.102  0.077  0.061 -0.178 -0.174 -0.170 -0.202  0.702  0.407  1.000  0.365  0.122  0.375  0.380  0.232
MGC     0.098  0.208  0.244  0.241 -0.166 -0.186 -0.177 -0.214  0.439  0.386  0.365  1.000  0.414  0.820  0.413  0.155
MHG     0.253  0.023 -0.007  0.006  0.142  0.228  0.198  0.220  0.243  0.483  0.122  0.414  1.000  0.547  0.420  0.200
SIL     0.128  0.117  0.110  0.108 -0.075 -0.060 -0.054 -0.085  0.442  0.468  0.375  0.820  0.547  1.000  0.425  0.197
MCL    -0.056  0.104 -0.024 -0.025 -0.041 -0.018 -0.072 -0.007  0.395  0.405  0.380  0.413  0.420  0.425  1.000  0.251
QG     -0.029  0.076 -0.034 -0.036  0.056  0.104  0.068  0.094  0.302  0.209  0.232  0.155  0.200  0.197  0.251  1.000
SumABS  3.584  3.631  3.257  3.202  5.056  5.270  5.164  5.256  5.182  4.200  4.779  5.524  4.506  5.013  4.036  3.042
---------------- End Correlation Report - Returns ----------------


---------------- Covariance Report - Account: Uxxxxx30 ----------------
As at: 2022-07-04 15:56:02 (Chicago)
Covariance of Returns - 128 Days
---------------------------------
           E7     J7     ZF     ZN     M2K     MES     MNQ    MYM      YC     YK      YW    MGC     MHG     SIL     MCL      QG
E7      0.340  0.083 -0.001 -0.002   0.319   0.296   0.321  0.277  -0.207  0.086  -0.407  0.057   0.243   0.135  -0.093  -0.078
J7      0.083  0.369  0.110  0.160  -0.147  -0.152  -0.258 -0.097   0.105  0.035   0.186  0.125   0.023   0.129   0.179   0.216
ZF     -0.001  0.110  0.128  0.173   0.032   0.013   0.030  0.010   0.075  0.011   0.082  0.085  -0.004   0.070  -0.024  -0.056
ZN     -0.002  0.160  0.173  0.249   0.031   0.009   0.030  0.005   0.103  0.012   0.090  0.118   0.005   0.096  -0.035  -0.083
M2K     0.319 -0.147  0.032  0.031   3.426   2.694   3.686  2.057  -0.440 -0.120  -0.978 -0.301   0.426  -0.249  -0.213   0.475
MES     0.296 -0.152  0.013  0.009   2.694   2.513   3.350  1.949  -0.358 -0.012  -0.817 -0.289   0.586  -0.169  -0.080   0.758
MNQ     0.321 -0.258  0.030  0.030   3.686   3.350   4.776  2.477  -0.449 -0.070  -1.099 -0.379   0.703  -0.212  -0.437   0.689
MYM     0.277 -0.097  0.010  0.005   2.057   1.949   2.477  1.609  -0.344 -0.018  -0.758 -0.265   0.453  -0.192  -0.025   0.552
YC     -0.207  0.105  0.075  0.103  -0.440  -0.358  -0.449 -0.344   2.873  1.200   3.522  0.729   0.668   1.336   1.870   2.358
YK      0.086  0.035  0.011  0.012  -0.120  -0.012  -0.070 -0.018   1.200  1.655   1.551  0.486   1.008   1.074   1.456   1.237
YW     -0.407  0.186  0.082  0.090  -0.978  -0.817  -1.099 -0.758   3.522  1.551   8.773  1.058   0.587   1.979   3.142   3.170
MGC     0.057  0.125  0.085  0.118  -0.301  -0.289  -0.379 -0.265   0.729  0.486   1.058  0.959   0.658   1.431   1.129   0.698
MHG     0.243  0.023 -0.004  0.005   0.426   0.586   0.703  0.453   0.668  1.008   0.587  0.658   2.632   1.581   1.904   1.497
SIL     0.135  0.129  0.070  0.096  -0.249  -0.169  -0.212 -0.192   1.336  1.074   1.979  1.431   1.581   3.178   2.115   1.621
MCL    -0.093  0.179 -0.024 -0.035  -0.213  -0.080  -0.437 -0.025   1.870  1.456   3.142  1.129   1.904   2.115   7.804   3.229
QG     -0.078  0.216 -0.056 -0.083   0.475   0.758   0.689  0.552   2.358  1.237   3.170  0.698   1.497   1.621   3.229  21.258
Sum     1.366  1.066  0.734  0.962  10.698  10.289  13.158  7.689  13.040  9.591  20.082  6.298  12.970  13.925  21.921  37.543
Weight  0.065  0.065  0.095  0.095   0.060   0.060   0.060  0.060   0.050  0.050   0.050  0.050   0.050   0.050   0.070   0.070
Vol     0.089  0.069  0.070  0.091   0.642   0.617   0.789  0.461   0.652  0.480   1.004  0.315   0.649   0.696   1.534   2.628

Theoretical portfolio volatility (when fully weighted): 10.79
---------------- End Covariance Report - Returns ----------------
