---------------- Correlation Report - Account: Uxxxxx30 ----------------
As at: 2022-07-25 15:56:02 (Chicago)
Correlation of Returns - 128 Days
---------------------------------
           E7     J7     ZF     ZN    M2K    MES    MNQ    MYM     YC     YK     YW    MGC    MHG    SIL    MCL     QG
E7      1.000  0.229 -0.045 -0.055  0.318  0.322  0.248  0.375 -0.113  0.158 -0.141  0.145  0.272  0.160  0.042 -0.032
J7      0.229  1.000  0.501  0.511 -0.098 -0.134 -0.176 -0.098  0.008  0.023  0.088  0.237  0.046  0.152  0.084  0.068
ZF     -0.045  0.501  1.000  0.975 -0.008 -0.010  0.004 -0.014 -0.026 -0.065 -0.012  0.245 -0.062  0.118 -0.085 -0.041
ZN     -0.055  0.511  0.975  1.000 -0.008 -0.015  0.000 -0.020 -0.031 -0.081 -0.040  0.227 -0.066  0.101 -0.095 -0.040
M2K     0.318 -0.098 -0.008 -0.008  1.000  0.922  0.914  0.882 -0.119 -0.049 -0.132 -0.151  0.180  0.001 -0.011  0.068
MES     0.322 -0.134 -0.010 -0.015  0.922  1.000  0.964  0.972 -0.109 -0.015 -0.142 -0.183  0.221 -0.027 -0.001  0.097
MNQ     0.248 -0.176  0.004  0.000  0.914  0.964  1.000  0.893 -0.108 -0.054 -0.141 -0.191  0.183 -0.034 -0.072  0.059
MYM     0.375 -0.098 -0.014 -0.020  0.882  0.972  0.893  1.000 -0.124 -0.007 -0.171 -0.206  0.216 -0.047  0.024  0.096
YC     -0.113  0.008 -0.026 -0.031 -0.119 -0.109 -0.108 -0.124  1.000  0.649  0.675  0.333  0.302  0.372  0.442  0.309
YK      0.158  0.023 -0.065 -0.081 -0.049 -0.015 -0.054 -0.007  0.649  1.000  0.466  0.372  0.548  0.445  0.529  0.292
YW     -0.141  0.088 -0.012 -0.040 -0.132 -0.142 -0.141 -0.171  0.675  0.466  1.000  0.331  0.213  0.370  0.452  0.232
MGC     0.145  0.237  0.245  0.227 -0.151 -0.183 -0.191 -0.206  0.333  0.372  0.331  1.000  0.414  0.806  0.425  0.147
MHG     0.272  0.046 -0.062 -0.066  0.180  0.221  0.183  0.216  0.302  0.548  0.213  0.414  1.000  0.528  0.507  0.337
SIL     0.160  0.152  0.118  0.101  0.001 -0.027 -0.034 -0.047  0.372  0.445  0.370  0.806  0.528  1.000  0.440  0.242
MCL     0.042  0.084 -0.085 -0.095 -0.011 -0.001 -0.072  0.024  0.442  0.529  0.452  0.425  0.507  0.440  1.000  0.301
QG     -0.032  0.068 -0.041 -0.040  0.068  0.097  0.059  0.096  0.309  0.292  0.232  0.147  0.337  0.242  0.301  1.000
SumABS  3.655  3.453  3.209  3.264  4.862  5.135  5.040  5.144  4.720  4.754  4.605  5.414  5.097  4.844  4.510  3.363
---------------- End Correlation Report - Returns ----------------


---------------- Covariance Report - Account: Uxxxxx30 ----------------
As at: 2022-07-25 15:56:02 (Chicago)
Covariance of Returns (Position Weighted) - 128 Days
----------------------------------------------------
        E7     J7   ZF   ZN    M2K    MES  MNQ    MYM      YC     YK      YW    MGC     MHG    SIL    MCL   QG
E7   0.370  0.086  0.0  0.0  0.351  0.307  0.0  0.289  -0.391  0.144  -0.266  0.254   0.577  0.168  0.077  0.0
J7   0.086  0.379  0.0  0.0 -0.110 -0.129  0.0 -0.076   0.028  0.021   0.169  0.421   0.099  0.161  0.156  0.0
ZF   0.000  0.000  0.0  0.0  0.000  0.000  0.0  0.000   0.000  0.000   0.000  0.000   0.000  0.000  0.000  0.0
ZN   0.000  0.000  0.0  0.0  0.000  0.000  0.0  0.000   0.000  0.000   0.000  0.000   0.000  0.000  0.000  0.0
M2K  0.351 -0.110  0.0  0.0  3.292  2.616  0.0  2.027  -1.227 -0.134  -0.745 -0.792   1.140  0.003 -0.061  0.0
MES  0.307 -0.129  0.0  0.0  2.616  2.447  0.0  1.927  -0.974 -0.034  -0.691 -0.827   1.203 -0.073 -0.006  0.0
MNQ  0.000  0.000  0.0  0.0  0.000  0.000  0.0  0.000   0.000  0.000   0.000  0.000   0.000  0.000  0.000  0.0
MYM  0.289 -0.076  0.0  0.0  2.027  1.927  0.0  1.605  -0.898 -0.013  -0.672 -0.754   0.953 -0.103  0.090  0.0
YC  -0.391  0.028  0.0  0.0 -1.227 -0.974  0.0 -0.898  32.485  5.537  11.944  5.485   5.998  3.654  7.563  0.0
YK   0.144  0.021  0.0  0.0 -0.134 -0.034  0.0 -0.013   5.537  2.238   2.164  1.607   2.856  1.146  2.379  0.0
YW  -0.266  0.169  0.0  0.0 -0.745 -0.691  0.0 -0.672  11.944  2.164   9.643  2.963   2.303  1.981  4.217  0.0
MGC  0.254  0.421  0.0  0.0 -0.792 -0.827  0.0 -0.754   5.485  1.607   2.963  8.328   4.166  4.008  3.682  0.0
MHG  0.577  0.099  0.0  0.0  1.140  1.203  0.0  0.953   5.998  2.856   2.303  4.166  12.134  3.168  5.311  0.0
SIL  0.168  0.161  0.0  0.0  0.003 -0.073  0.0 -0.103   3.654  1.146   1.981  4.008   3.168  2.967  2.280  0.0
MCL  0.077  0.156  0.0  0.0 -0.061 -0.006  0.0  0.090   7.563  2.379   4.217  3.682   5.311  2.280  9.029  0.0
QG   0.000  0.000  0.0  0.0  0.000  0.000  0.0  0.000   0.000  0.000   0.000  0.000   0.000  0.000  0.000  0.0

Sum of Covariance Matrix: 262.32
Portfolio volatility: 16.20
(Square root of sum of Covariance matrix)
---------------- End Covariance Report - Returns ----------------
