---------------- Correlation Report - Account: Uxxxxx30 ----------------
As at: 2022-07-28 15:56:02 (Chicago)
Correlation of Returns - 128 Days
---------------------------------
           E7     J7     ZF     ZN    M2K    MES    MNQ    MYM     YC     YK     YW    MGC    MHG    SIL    MCL     QG
E7      1.000  0.210 -0.045 -0.050  0.315  0.338  0.268  0.387 -0.133  0.149 -0.174  0.118  0.266  0.116  0.055 -0.036
J7      0.210  1.000  0.507  0.519 -0.089 -0.114 -0.161 -0.079  0.037  0.059  0.099  0.260  0.073  0.218  0.081  0.049
ZF     -0.045  0.507  1.000  0.977 -0.003  0.001  0.015 -0.006 -0.010 -0.037 -0.011  0.256 -0.034  0.152 -0.078 -0.056
ZN     -0.050  0.519  0.977  1.000  0.002 -0.004  0.012 -0.014 -0.011 -0.052 -0.034  0.244 -0.034  0.145 -0.088 -0.055
M2K     0.315 -0.089 -0.003  0.002  1.000  0.927  0.917  0.889 -0.117 -0.032 -0.148 -0.161  0.199  0.008 -0.003  0.055
MES     0.338 -0.114  0.001 -0.004  0.927  1.000  0.964  0.972 -0.108 -0.007 -0.155 -0.168  0.249  0.004  0.012  0.068
MNQ     0.268 -0.161  0.015  0.012  0.917  0.964  1.000  0.892 -0.112 -0.049 -0.158 -0.183  0.205 -0.019 -0.056  0.032
MYM     0.387 -0.079 -0.006 -0.014  0.889  0.972  0.892  1.000 -0.119 -0.000 -0.178 -0.190  0.243 -0.011  0.034  0.071
YC     -0.133  0.037 -0.010 -0.011 -0.117 -0.108 -0.112 -0.119  1.000  0.662  0.681  0.349  0.312  0.395  0.423  0.298
YK      0.149  0.059 -0.037 -0.052 -0.032 -0.007 -0.049 -0.000  0.662  1.000  0.478  0.400  0.567  0.477  0.511  0.267
YW     -0.174  0.099 -0.011 -0.034 -0.148 -0.155 -0.158 -0.178  0.681  0.478  1.000  0.331  0.224  0.380  0.435  0.233
MGC     0.118  0.260  0.256  0.244 -0.161 -0.168 -0.183 -0.190  0.349  0.400  0.331  1.000  0.425  0.801  0.425  0.152
MHG     0.266  0.073 -0.034 -0.034  0.199  0.249  0.205  0.243  0.312  0.567  0.224  0.425  1.000  0.518  0.502  0.342
SIL     0.116  0.218  0.152  0.145  0.008  0.004 -0.019 -0.011  0.395  0.477  0.380  0.801  0.518  1.000  0.408  0.226
MCL     0.055  0.081 -0.078 -0.088 -0.003  0.012 -0.056  0.034  0.423  0.511  0.435  0.425  0.502  0.408  1.000  0.295
QG     -0.036  0.049 -0.056 -0.055  0.055  0.068  0.032  0.071  0.298  0.267  0.233  0.152  0.342  0.226  0.295  1.000
SumABS  3.659  3.553  3.187  3.241  4.865  5.090  5.043  5.085  4.767  4.748  4.720  5.462  5.194  4.878  4.407  3.235
---------------- End Correlation Report - Returns ----------------


---------------- Covariance Report - Account: Uxxxxx30 ----------------
As at: 2022-07-28 15:56:02 (Chicago)
Covariance of Returns (Position Weighted) - 128 Days
----------------------------------------------------
        E7     J7     ZF   ZN  M2K  MES  MNQ  MYM      YC     YK     YW    MGC     MHG    SIL    MCL   QG
E7   0.374  0.081 -0.010  0.0  0.0  0.0  0.0  0.0  -0.315  0.139 -0.334  0.207   0.564  0.127  0.102  0.0
J7   0.081  0.399  0.117  0.0  0.0  0.0  0.0  0.0   0.091  0.057  0.196  0.471   0.159  0.247  0.155  0.0
ZF  -0.010  0.117  0.134  0.0  0.0  0.0  0.0  0.0  -0.014 -0.021 -0.013  0.269  -0.043  0.100 -0.086  0.0
ZN   0.000  0.000  0.000  0.0  0.0  0.0  0.0  0.0   0.000  0.000  0.000  0.000   0.000  0.000  0.000  0.0
M2K  0.000  0.000  0.000  0.0  0.0  0.0  0.0  0.0   0.000  0.000  0.000  0.000   0.000  0.000  0.000  0.0
MES  0.000  0.000  0.000  0.0  0.0  0.0  0.0  0.0   0.000  0.000  0.000  0.000   0.000  0.000  0.000  0.0
MNQ  0.000  0.000  0.000  0.0  0.0  0.0  0.0  0.0   0.000  0.000  0.000  0.000   0.000  0.000  0.000  0.0
MYM  0.000  0.000  0.000  0.0  0.0  0.0  0.0  0.0   0.000  0.000  0.000  0.000   0.000  0.000  0.000  0.0
YC  -0.315  0.091 -0.014  0.0  0.0  0.0  0.0  0.0  14.913  3.913  8.228  3.867   4.178  2.745  4.926  0.0
YK   0.139  0.057 -0.021  0.0  0.0  0.0  0.0  0.0   3.913  2.343  2.289  1.759   3.007  1.313  2.357  0.0
YW  -0.334  0.196 -0.013  0.0  0.0  0.0  0.0  0.0   8.228  2.289  9.801  2.972   2.429  2.140  4.107  0.0
MGC  0.207  0.471  0.269  0.0  0.0  0.0  0.0  0.0   3.867  1.759  2.972  8.239   4.221  4.131  3.671  0.0
MHG  0.564  0.159 -0.043  0.0  0.0  0.0  0.0  0.0   4.178  3.007  2.429  4.221  11.990  3.225  5.242  0.0
SIL  0.127  0.247  0.100  0.0  0.0  0.0  0.0  0.0   2.745  1.313  2.140  4.131   3.225  3.232  2.211  0.0
MCL  0.102  0.155 -0.086  0.0  0.0  0.0  0.0  0.0   4.926  2.357  4.107  3.671   5.242  2.211  9.076  0.0
QG   0.000  0.000  0.000  0.0  0.0  0.0  0.0  0.0   0.000  0.000  0.000  0.000   0.000  0.000  0.000  0.0

Sum of Covariance Matrix: 210.86
Portfolio volatility: 14.52
(Square root of sum of Covariance matrix)
---------------- End Covariance Report - Returns ----------------
